-- // converted using mech's animoduler
local cfr = CFrame.new

return {{tm=0;["EnableTrail"]="";["Torso"]={tm=.017;cf=cfr(0,0,0,1,0,0,0,1,0,0,0,1);es="Sine";ed="InOut";};["Head"]={tm=.017;cf=cfr(0,0,0,1,0,0,0,1,0,0,0,1);es="Sine";ed="InOut";};["Right Arm"]={tm=.017;cf=cfr(0,0,0,1,0,0,0,1,0,0,0,1);es="Sine";ed="InOut";};["Sword"]={tm=.017;cf=cfr(0,0,0,1,0,0,0,1,0,0,0,1);es="Sine";ed="InOut";};};{tm=.017;["Torso"]={tm=.016;cf=cfr(0,0,0,1,.002,0,-.002,1,0,0,0,1);es="Linear";ed="In";};["Head"]={tm=.016;cf=cfr(0,0,0,1,-.002,0,.002,1,0,0,0,1);es="Linear";ed="In";};["Right Arm"]={tm=.016;cf=cfr(-.003,-.001,.001,1,.008,-.001,-.008,1,.003,.001,-.003,1);es="Linear";ed="In";};["Sword"]={tm=.016;cf=cfr(.002,0,.001,1,0,-.005,0,1,0,.005,0,1);es="Linear";ed="In";};};{tm=.033;["Torso"]={tm=.017;cf=cfr(0,0,0,1,.009,0,-.009,1,0,0,0,1);es="Linear";ed="In";};["Head"]={tm=.017;cf=cfr(0,0,0,1,-.009,0,.009,1,0,0,0,1);es="Linear";ed="In";};["Right Arm"]={tm=.017;cf=cfr(-.011,-.002,.004,.999,.032,-.005,-.032,.999,.01,.006,-.01,1);es="Linear";ed="In";};["Sword"]={tm=.017;cf=cfr(.006,0,.004,1,0,-.019,0,1,0,.019,0,1);es="Linear";ed="In";};};{tm=.05;["Torso"]={tm=.017;cf=cfr(0,0,0,1,.019,0,-.019,1,0,0,0,1);es="Linear";ed="In";};["Head"]={tm=.017;cf=cfr(0,0,0,1,-.019,0,.019,1,0,0,0,1);es="Linear";ed="In";};["Right Arm"]={tm=.017;cf=cfr(-.026,-.005,.009,.997,.072,-.012,-.071,.997,.023,.013,-.022,1);es="Linear";ed="In";};["Sword"]={tm=.017;cf=cfr(.014,0,.008,.999,0,-.043,0,1,0,.043,0,.999);es="Linear";ed="In";};};{tm=.067;["Torso"]={tm=.016;cf=cfr(0,0,0,.999,.033,0,-.033,.999,0,0,0,1);es="Linear";ed="In";};["Head"]={tm=.016;cf=cfr(0,0,0,.999,-.033,0,.033,.999,0,0,0,1);es="Linear";ed="In";};["Right Arm"]={tm=.016;cf=cfr(-.045,-.01,.016,.992,.125,-.019,-.124,.991,.041,.024,-.039,.999);es="Linear";ed="In";};["Sword"]={tm=.016;cf=cfr(.024,.001,.014,.997,0,-.075,0,1,0,.075,0,.997);es="Linear";ed="In";};};{tm=.083;["Torso"]={tm=.017;cf=cfr(0,0,0,.999,.051,0,-.051,.999,0,0,0,1);es="Linear";ed="In";};["Head"]={tm=.017;cf=cfr(0,0,0,.999,-.051,0,.051,.999,0,0,0,1);es="Linear";ed="In";};["Right Arm"]={tm=.017;cf=cfr(-.069,-.015,.025,.981,.192,-.027,-.19,.98,.064,.039,-.058,.998);es="Linear";ed="In";};["Sword"]={tm=.017;cf=cfr(.036,.001,.022,.993,0,-.115,0,1,0,.115,0,.993);es="Linear";ed="In";};};{tm=.1;["Torso"]={tm=.017;cf=cfr(0,0,0,.997,.072,0,-.072,.997,0,0,0,1);es="Linear";ed="In";};["Head"]={tm=.017;cf=cfr(0,0,0,.997,-.072,0,.072,.997,0,0,0,1);es="Linear";ed="In";};["Right Arm"]={tm=.017;cf=cfr(-.097,-.021,.035,.963,.269,-.035,-.265,.96,.091,.058,-.079,.995);es="Linear";ed="In";};["Sword"]={tm=.017;cf=cfr(.051,.002,.031,.987,0,-.161,0,1,0,.161,0,.987);es="Linear";ed="In";};};{tm=.117;["Torso"]={tm=.016;cf=cfr(0,0,0,.995,.095,0,-.095,.995,0,0,0,1);es="Linear";ed="In";};["Head"]={tm=.016;cf=cfr(0,0,0,.995,-.095,0,.095,.995,0,0,0,1);es="Linear";ed="In";};["Right Arm"]={tm=.016;cf=cfr(-.128,-.027,.047,.935,.353,-.04,-.346,.93,.123,.081,-.101,.992);es="Linear";ed="In";};["Sword"]={tm=.016;cf=cfr(.068,.002,.041,.977,0,-.213,0,1,0,.213,0,.977);es="Linear";ed="In";};};{tm=.133;["Torso"]={tm=.0169;cf=cfr(0,0,0,.993,.12,0,-.12,.993,0,0,0,1);es="Linear";ed="In";};["Head"]={tm=.0169;cf=cfr(0,0,0,.993,-.12,0,.12,.993,0,0,0,1);es="Linear";ed="In";};["Right Arm"]={tm=.0169;cf=cfr(-.162,-.035,.059,.896,.441,-.043,-.43,.889,.157,.108,-.122,.987);es="Linear";ed="In";};["Sword"]={tm=.0169;cf=cfr(.086,.003,.052,.963,0,-.268,0,1,0,.268,0,.963);es="Linear";ed="In";};};{tm=.15;["Torso"]={tm=.0170;cf=cfr(0,0,0,.989,.147,0,-.147,.989,0,0,0,1);es="Linear";ed="In";};["Head"]={tm=.0170;cf=cfr(0,0,0,.989,-.147,0,.147,.989,0,0,0,1);es="Linear";ed="In";};["Right Arm"]={tm=.0170;cf=cfr(-.198,-.042,.072,.847,.53,-.043,-.513,.836,.192,.138,-.141,.98);es="Linear";ed="In";};["Sword"]={tm=.0170;cf=cfr(.105,.003,.064,.946,0,-.325,0,1,0,.325,0,.946);es="Linear";ed="In";};};{tm=.167;["Torso"]={tm=.0159;cf=cfr(0,0,0,.985,.174,0,-.174,.985,0,0,0,1);es="Linear";ed="In";};["Head"]={tm=.0159;cf=cfr(0,0,0,.985,-.174,0,.174,.985,0,0,0,1);es="Linear";ed="In";};["Right Arm"]={tm=.0159;cf=cfr(-.235,-.05,.086,.788,.615,-.039,-.592,.773,.229,.171,-.157,.973);es="Linear";ed="In";};["Sword"]={tm=.0159;cf=cfr(.124,.004,.076,.924,0,-.383,0,1,0,.383,0,.924);es="Linear";ed="In";};};{tm=.183;["Torso"]={tm=.0170;cf=cfr(0,0,0,.98,.2,0,-.2,.98,0,0,0,1);es="Linear";ed="In";};["Head"]={tm=.0170;cf=cfr(0,0,0,.98,-.2,0,.2,.98,0,0,0,1);es="Linear";ed="In";};["Right Arm"]={tm=.0170;cf=cfr(-.272,-.058,.099,.72,.694,-.031,-.663,.7,.264,.205,-.17,.964);es="Linear";ed="In";};["Sword"]={tm=.0170;cf=cfr(.144,.004,.088,.899,0,-.439,0,1,0,.439,0,.899);es="Linear";ed="In";};};{tm=.2;["Torso"]={tm=.0169;cf=cfr(0,0,0,.974,.226,0,-.226,.974,0,0,0,1);es="Linear";ed="In";};["Head"]={tm=.0169;cf=cfr(0,0,0,.974,-.226,0,.226,.974,0,0,0,1);es="Linear";ed="In";};["Right Arm"]={tm=.0169;cf=cfr(-.308,-.065,.112,.646,.763,-.019,-.725,.622,.297,.239,-.178,.955);es="Linear";ed="In";};["Sword"]={tm=.0169;cf=cfr(.163,.005,.099,.871,0,-.492,0,1,0,.492,0,.871);es="Linear";ed="In";};};{tm=.217;["Torso"]={tm=.0160;cf=cfr(0,0,0,.968,.251,0,-.251,.968,0,0,0,1);es="Linear";ed="In";};["Head"]={tm=.0160;cf=cfr(0,0,0,.968,-.251,0,.251,.968,0,0,0,1);es="Linear";ed="In";};["Right Arm"]={tm=.0160;cf=cfr(-.342,-.073,.124,.571,.821,-.005,-.775,.541,.327,.271,-.183,.945);es="Linear";ed="In";};["Sword"]={tm=.0160;cf=cfr(.181,.005,.11,.841,0,-.54,0,1,0,.54,0,.841);es="Linear";ed="In";};};{tm=.233;["Torso"]={tm=.0169;cf=cfr(0,0,0,.962,.274,0,-.274,.962,0,0,0,1);es="Linear";ed="In";};["Head"]={tm=.0169;cf=cfr(0,0,0,.962,-.274,0,.274,.962,0,0,0,1);es="Linear";ed="In";};["Right Arm"]={tm=.0169;cf=cfr(-.373,-.079,.136,.497,.868,.01,-.814,.462,.353,.302,-.184,.935);es="Linear";ed="In";};["Sword"]={tm=.0169;cf=cfr(.198,.006,.12,.812,0,-.584,0,1,0,.584,0,.812);es="Linear";ed="In";};};{tm=.25;["Torso"]={tm=.0170;cf=cfr(0,0,0,.956,.294,0,-.294,.956,0,0,0,1);es="Linear";ed="In";};["Head"]={tm=.0170;cf=cfr(0,0,0,.956,-.294,0,.294,.956,0,0,0,1);es="Linear";ed="In";};["Right Arm"]={tm=.0170;cf=cfr(-.401,-.085,.146,.428,.904,.026,-.842,.388,.375,.329,-.183,.927);es="Linear";ed="In";};["Sword"]={tm=.0170;cf=cfr(.212,.006,.129,.784,0,-.621,0,1,0,.621,0,.784);es="Linear";ed="In";};};{tm=.267;["Torso"]={tm=.0159;cf=cfr(0,0,0,.951,.311,0,-.311,.951,0,0,0,1);es="Linear";ed="In";};["Head"]={tm=.0159;cf=cfr(0,0,0,.951,-.311,0,.311,.951,0,0,0,1);es="Linear";ed="In";};["Right Arm"]={tm=.0159;cf=cfr(-.425,-.09,.155,.367,.929,.041,-.861,.323,.393,.352,-.18,.919);es="Linear";ed="In";};["Sword"]={tm=.0159;cf=cfr(.225,.007,.137,.758,0,-.652,0,1,0,.652,0,.758);es="Linear";ed="In";};};{tm=.283;["Torso"]={tm=.0170;cf=cfr(0,0,0,.946,.324,0,-.324,.946,0,0,0,1);es="Linear";ed="In";};["Head"]={tm=.0170;cf=cfr(0,0,0,.946,-.324,0,.324,.946,0,0,0,1);es="Linear";ed="In";};["Right Arm"]={tm=.0170;cf=cfr(-.444,-.095,.162,.317,.947,.054,-.873,.269,.406,.37,-.176,.912);es="Linear";ed="In";};["Sword"]={tm=.0170;cf=cfr(.235,.007,.143,.737,0,-.676,0,1,0,.676,0,.737);es="Linear";ed="In";};};{tm=.3;["Torso"]={tm=.0170;cf=cfr(0,0,0,.943,.334,0,-.334,.943,0,0,0,1);es="Linear";ed="In";};["Head"]={tm=.0170;cf=cfr(0,0,0,.943,-.334,0,.334,.943,0,0,0,1);es="Linear";ed="In";};["Right Arm"]={tm=.0170;cf=cfr(-.458,-.098,.167,.28,.958,.064,-.88,.229,.415,.383,-.173,.908);es="Linear";ed="In";};["Sword"]={tm=.0170;cf=cfr(.243,.007,.148,.721,0,-.693,0,1,0,.693,0,.721);es="Linear";ed="In";};};{tm=.317;["Torso"]={tm=.0160;cf=cfr(0,0,0,.94,.34,0,-.34,.94,0,0,0,1);es="Linear";ed="In";};["Head"]={tm=.0160;cf=cfr(0,0,0,.94,-.34,0,.34,.94,0,0,0,1);es="Linear";ed="In";};["Right Arm"]={tm=.0160;cf=cfr(-.467,-.099,.17,.257,.964,.07,-.884,.205,.42,.391,-.17,.905);es="Linear";ed="In";};["Sword"]={tm=.0160;cf=cfr(.247,.007,.151,.711,0,-.704,0,1,0,.704,0,.711);es="Linear";ed="In";};};{tm=.333;["PauseAndFlash"]="";["Torso"]={tm=.0169;cf=cfr(0,0,0,.94,.342,0,-.342,.94,0,0,0,1);es="Sine";ed="InOut";};["Head"]={tm=.0169;cf=cfr(0,0,0,.94,-.342,0,.342,.94,0,0,0,1);es="Sine";ed="InOut";};["Right Arm"]={tm=.0169;cf=cfr(-.47,-.1,.171,.249,.966,.073,-.885,.197,.422,.393,-.169,.904);es="Sine";ed="InOut";};["Sword"]={tm=.0169;cf=cfr(.249,.007,.152,.707,0,-.707,0,1,0,.707,0,.707);es="Sine";ed="InOut";};};{tm=.35;["Torso"]={tm=.0170;cf=cfr(0,0,0,.947,.322,-.001,-.322,.947,-.002,0,.002,1);es="Linear";ed="In";};["Head"]={tm=.0170;cf=cfr(0,0,0,.947,-.322,0,.322,.947,.002,-.001,-.002,1);es="Linear";ed="In";};["Right Arm"]={tm=.0170;cf=cfr(-.442,-.098,.165,.315,.947,.058,-.86,.259,.439,.401,-.189,.896);es="Linear";ed="In";};["Sword"]={tm=.0170;cf=cfr(.261,.008,.159,.743,-.028,-.668,.04,.999,.002,.668,-.028,.744);es="Linear";ed="In";};};{tm=.367;["Torso"]={tm=.0160;cf=cfr(0,0,0,.965,.263,-.003,-.263,.965,-.008,.001,.009,1);es="Linear";ed="In";};["Head"]={tm=.0160;cf=cfr(0,0,0,.965,-.263,.001,.263,.965,.009,-.003,-.008,1);es="Linear";ed="In";};["Right Arm"]={tm=.0160;cf=cfr(-.36,-.09,.147,.495,.869,.01,-.764,.429,.482,.415,-.246,.876);es="Linear";ed="In";};["Sword"]={tm=.0160;cf=cfr(.292,.009,.178,.822,-.108,-.559,.142,.99,.017,.551,-.093,.829);es="Linear";ed="In";};};{tm=.383;["Torso"]={tm=.0170;cf=cfr(0,0,0,.986,.168,-.006,-.169,.986,-.017,.003,.018,1);es="Linear";ed="In";};["Head"]={tm=.0170;cf=cfr(0,0,0,.986,-.169,.003,.168,.986,.018,-.006,-.017,1);es="Linear";ed="In";};["Right Arm"]={tm=.0170;cf=cfr(-.233,-.079,.119,.728,.681,-.081,-.549,.649,.527,.411,-.339,.846);es="Linear";ed="In";};["Sword"]={tm=.0170;cf=cfr(.33,.01,.201,.886,-.217,-.411,.262,.964,.055,.384,-.156,.91);es="Linear";ed="In";};};{tm=.4;["Torso"]={tm=.0169;cf=cfr(0,0,0,.999,.048,-.009,-.048,.998,-.03,.007,.03,1);es="Linear";ed="In";};["Head"]={tm=.0169;cf=cfr(0,0,0,.999,-.048,.007,.048,.998,.03,-.009,-.03,1);es="Linear";ed="In";};["Right Arm"]={tm=.0169;cf=cfr(-.073,-.065,.083,.911,.356,-.209,-.197,.82,.538,.363,-.449,.817);es="Linear";ed="In";};["Sword"]={tm=.0169;cf=cfr(.362,.011,.22,.907,-.31,-.286,.35,.932,.099,.235,-.19,.953);es="Linear";ed="In";};};{tm=.417;["Torso"]={tm=.0160;cf=cfr(0,0,0,.996,-.087,-.01,.087,.995,-.044,.013,.043,.999);es="Linear";ed="In";};["Head"]={tm=.0160;cf=cfr(0,0,0,.996,.087,.013,-.087,.995,.043,-.01,-.044,.999);es="Linear";ed="In";};["Right Arm"]={tm=.0160;cf=cfr(.104,-.05,.044,.936,-.056,-.347,.232,.84,.49,.264,-.54,.799);es="Linear";ed="In";};["Sword"]={tm=.0160;cf=cfr(.373,.011,.227,.908,-.346,-.237,.38,.917,.12,.176,-.199,.964);es="Sine";ed="InOut";};};{tm=.433;["Torso"]={tm=.0170;cf=cfr(0,0,0,.975,-.22,-.009,.219,.974,-.057,.021,.054,.998);es="Linear";ed="In";};["Head"]={tm=.0170;cf=cfr(0,0,0,.975,.219,.021,-.22,.974,.054,-.009,-.057,.998);es="Linear";ed="In";};["Right Arm"]={tm=.0170;cf=cfr(.282,-.035,.004,.772,-.446,-.453,.621,.68,.389,.135,-.582,.802);es="Linear";ed="In";};["Sword"]={tm=.0170;cf=cfr(.385,.011,.235,.883,-.306,-.356,.357,.93,.087,.305,-.204,.93);es="Linear";ed="In";};};{tm=.45;["Torso"]={tm=.0170;cf=cfr(0,0,0,.941,-.337,-.006,.336,.939,-.07,.029,.064,.998);es="Linear";ed="In";};["Head"]={tm=.0170;cf=cfr(0,0,0,.941,.336,.029,-.337,.939,.064,-.006,-.07,.998);es="Linear";ed="In";};["Right Arm"]={tm=.0170;cf=cfr(.442,-.021,-.031,.487,-.713,-.504,.873,.407,.268,.014,-.571,.821);es="Linear";ed="In";};["Sword"]={tm=.0170;cf=cfr(.416,.012,.254,.741,-.201,-.64,.276,.961,.019,.611,-.191,.768);es="Linear";ed="In";};};{tm=.467;["Torso"]={tm=.0159;cf=cfr(0,0,0,.905,-.426,-.003,.425,.902,-.079,.037,.07,.997);es="Linear";ed="In";};["Head"]={tm=.0159;cf=cfr(0,0,0,.905,.425,.037,-.426,.902,.07,-.003,-.079,.997);es="Linear";ed="In";};["Right Arm"]={tm=.0159;cf=cfr(.569,-.01,-.059,.199,-.838,-.508,.977,.132,.165,-.071,-.53,.845);es="Linear";ed="In";};["Sword"]={tm=.0159;cf=cfr(.455,.013,.277,.439,-.086,-.894,.15,.989,-.021,.886,-.124,.447);es="Linear";ed="In";};};{tm=.483;["Torso"]={tm=.0170;cf=cfr(0,0,0,.876,-.481,-.001,.48,.873,-.085,.042,.074,.996);es="Linear";ed="In";};["Head"]={tm=.0170;cf=cfr(0,0,0,.876,.48,.042,-.481,.873,.074,-.001,-.085,.996);es="Linear";ed="In";};["Right Arm"]={tm=.0170;cf=cfr(.65,-.002,-.077,.001,-.87,-.494,.993,-.057,.102,-.117,-.49,.864);es="Linear";ed="In";};["Sword"]={tm=.0170;cf=cfr(.486,.014,.296,.127,-.018,-.992,.04,.999,-.013,.991,-.038,.127);es="Linear";ed="In";};};{tm=.5;[""]="";["Torso"]={tm=0;cf=cfr(0,0,0,.866,-.5,0,.498,.863,-.087,.044,.075,.996);es="Sine";ed="InOut";};["Head"]={tm=0;cf=cfr(0,0,0,.866,.498,.044,-.5,.863,.075,0,-.087,.996);es="Sine";ed="InOut";};["Right Arm"]={tm=0;cf=cfr(.678,0,-.083,-.068,-.872,-.485,.989,-.123,.081,-.13,-.475,.87);es="Sine";ed="InOut";};["Sword"]={tm=0;cf=cfr(.498,.015,.303,0,0,-1,0,1,0,1,0,0);es="Sine";ed="InOut";};};}
