-- // converted using mech's animoduler
local cfr = CFrame.new

return {{tm=0;["Torso"]={tm=.017;cf=cfr(0,0,-1.615,1,0,0,0,.906,-.423,0,.423,.906);es="Linear";ed="In";};["Left Leg"]={tm=.017;cf=cfr(-.732,.308,0,.819,-.574,0,.574,.819,0,0,0,1);es="Linear";ed="In";};["Right Arm"]={tm=.017;cf=cfr(.314,-.204,-.1,.934,-.312,.171,.351,.888,-.296,-.059,.337,.94);es="Linear";ed="In";};["Head"]={tm=.017;cf=cfr(0,0,0,1,0,0,0,.707,-.707,0,.707,.707);es="Linear";ed="In";};["Right Leg"]={tm=.017;cf=cfr(.732,.308,0,.819,.574,0,-.574,.819,0,0,0,1);es="Linear";ed="In";};["Left Arm"]={tm=.017;cf=cfr(-.314,-.204,-.1,.934,.312,-.171,-.351,.888,-.296,.059,.337,.94);es="Linear";ed="In";};};{tm=.017;["Torso"]={tm=.016;cf=cfr(0,0,-1.615,1,0,0,0,.906,-.423,0,.423,.906);es="Linear";ed="In";};["Left Leg"]={tm=.016;cf=cfr(-.732,.308,0,.819,-.574,0,.574,.819,0,0,0,1);es="Linear";ed="In";};["Right Arm"]={tm=.016;cf=cfr(.314,-.204,-.1,.934,-.312,.171,.351,.888,-.296,-.059,.337,.94);es="Linear";ed="In";};["Head"]={tm=.016;cf=cfr(0,0,0,1,0,0,0,.707,-.707,0,.707,.707);es="Linear";ed="In";};["Right Leg"]={tm=.016;cf=cfr(.732,.308,0,.819,.574,0,-.574,.819,0,0,0,1);es="Linear";ed="In";};["Left Arm"]={tm=.016;cf=cfr(-.314,-.204,-.1,.934,.312,-.171,-.351,.888,-.296,.059,.337,.94);es="Linear";ed="In";};};{tm=.033;["Torso"]={tm=.017;cf=cfr(0,0,-1.615,1,0,0,0,.906,-.423,0,.423,.906);es="Linear";ed="In";};["Left Leg"]={tm=.017;cf=cfr(-.732,.308,0,.819,-.573,0,.573,.819,0,0,0,1);es="Linear";ed="In";};["Right Arm"]={tm=.017;cf=cfr(.314,-.204,-.1,.934,-.312,.171,.351,.888,-.296,-.059,.337,.94);es="Linear";ed="In";};["Head"]={tm=.017;cf=cfr(0,0,0,1,0,0,0,.707,-.707,0,.707,.707);es="Linear";ed="In";};["Right Leg"]={tm=.017;cf=cfr(.732,.308,0,.819,.573,0,-.573,.819,0,0,0,1);es="Linear";ed="In";};["Left Arm"]={tm=.017;cf=cfr(-.314,-.204,-.1,.934,.312,-.171,-.351,.888,-.296,.059,.337,.94);es="Linear";ed="In";};};{tm=.05;["Torso"]={tm=.017;cf=cfr(0,0,-1.614,1,0,0,0,.906,-.422,0,.422,.906);es="Linear";ed="In";};["Left Leg"]={tm=.017;cf=cfr(-.732,.308,0,.819,-.573,0,.573,.819,0,0,0,1);es="Linear";ed="In";};["Right Arm"]={tm=.017;cf=cfr(.314,-.204,-.1,.934,-.312,.171,.351,.888,-.296,-.059,.337,.94);es="Linear";ed="In";};["Head"]={tm=.017;cf=cfr(0,0,0,1,0,0,0,.708,-.707,0,.707,.708);es="Linear";ed="In";};["Right Leg"]={tm=.017;cf=cfr(.732,.308,0,.819,.573,0,-.573,.819,0,0,0,1);es="Linear";ed="In";};["Left Arm"]={tm=.017;cf=cfr(-.314,-.204,-.1,.934,.312,-.171,-.351,.888,-.296,.059,.337,.94);es="Linear";ed="In";};};{tm=.067;["Torso"]={tm=.016;cf=cfr(0,0,-1.614,1,0,0,0,.906,-.422,0,.422,.906);es="Linear";ed="In";};["Left Leg"]={tm=.016;cf=cfr(-.732,.308,0,.819,-.573,0,.573,.819,0,0,0,1);es="Linear";ed="In";};["Right Arm"]={tm=.016;cf=cfr(.314,-.203,-.1,.934,-.313,.171,.351,.888,-.296,-.059,.337,.94);es="Linear";ed="In";};["Head"]={tm=.016;cf=cfr(0,0,0,1,0,0,0,.708,-.706,0,.706,.708);es="Linear";ed="In";};["Right Leg"]={tm=.016;cf=cfr(.732,.308,0,.819,.573,0,-.573,.819,0,0,0,1);es="Linear";ed="In";};["Left Arm"]={tm=.016;cf=cfr(-.314,-.203,-.1,.934,.313,-.171,-.351,.888,-.296,.059,.337,.94);es="Linear";ed="In";};};{tm=.083;["Torso"]={tm=.017;cf=cfr(0,0,-1.614,1,0,0,0,.906,-.422,0,.422,.906);es="Linear";ed="In";};["Left Leg"]={tm=.017;cf=cfr(-.732,.309,0,.82,-.573,0,.573,.82,0,0,0,1);es="Linear";ed="In";};["Right Arm"]={tm=.017;cf=cfr(.314,-.203,-.1,.934,-.313,.171,.351,.888,-.296,-.059,.337,.94);es="Linear";ed="In";};["Head"]={tm=.017;cf=cfr(0,0,0,1,0,0,0,.708,-.706,0,.706,.708);es="Linear";ed="In";};["Right Leg"]={tm=.017;cf=cfr(.732,.309,0,.82,.573,0,-.573,.82,0,0,0,1);es="Linear";ed="In";};["Left Arm"]={tm=.017;cf=cfr(-.314,-.203,-.1,.934,.313,-.171,-.351,.888,-.296,.059,.337,.94);es="Linear";ed="In";};};{tm=.1;["Torso"]={tm=.017;cf=cfr(0,0,-1.613,1,0,0,0,.907,-.422,0,.422,.907);es="Linear";ed="In";};["Left Leg"]={tm=.017;cf=cfr(-.732,.309,0,.82,-.572,0,.572,.82,0,0,0,1);es="Linear";ed="In";};["Right Arm"]={tm=.017;cf=cfr(.313,-.203,-.1,.934,-.313,.171,.352,.888,-.296,-.059,.337,.94);es="Linear";ed="In";};["Head"]={tm=.017;cf=cfr(0,0,0,1,0,0,0,.709,-.705,0,.705,.709);es="Linear";ed="In";};["Right Leg"]={tm=.017;cf=cfr(.732,.309,0,.82,.572,0,-.572,.82,0,0,0,1);es="Linear";ed="In";};["Left Arm"]={tm=.017;cf=cfr(-.313,-.203,-.1,.934,.313,-.171,-.352,.888,-.296,.059,.337,.94);es="Linear";ed="In";};};{tm=.117;["Torso"]={tm=.016;cf=cfr(0,0,-1.612,1,0,0,0,.907,-.422,0,.422,.907);es="Linear";ed="In";};["Left Leg"]={tm=.016;cf=cfr(-.731,.309,0,.82,-.572,0,.572,.82,0,0,0,1);es="Linear";ed="In";};["Right Arm"]={tm=.016;cf=cfr(.313,-.203,-.1,.934,-.313,.171,.352,.888,-.296,-.059,.337,.94);es="Linear";ed="In";};["Head"]={tm=.016;cf=cfr(0,0,0,1,0,0,0,.709,-.705,0,.705,.709);es="Linear";ed="In";};["Right Leg"]={tm=.016;cf=cfr(.731,.309,0,.82,.572,0,-.572,.82,0,0,0,1);es="Linear";ed="In";};["Left Arm"]={tm=.016;cf=cfr(-.313,-.203,-.1,.934,.313,-.171,-.352,.888,-.296,.059,.337,.94);es="Linear";ed="In";};};{tm=.133;["Torso"]={tm=.0169;cf=cfr(0,0,-1.612,1,0,0,0,.907,-.422,0,.422,.907);es="Linear";ed="In";};["Left Leg"]={tm=.0169;cf=cfr(-.731,.31,0,.821,-.572,0,.572,.821,0,0,0,1);es="Linear";ed="In";};["Right Arm"]={tm=.0169;cf=cfr(.313,-.202,-.1,.934,-.313,.171,.352,.888,-.296,-.059,.337,.94);es="Linear";ed="In";};["Head"]={tm=.0169;cf=cfr(0,0,0,1,0,0,0,.71,-.704,0,.704,.71);es="Linear";ed="In";};["Right Leg"]={tm=.0169;cf=cfr(.731,.31,0,.821,.572,0,-.572,.821,0,0,0,1);es="Linear";ed="In";};["Left Arm"]={tm=.0169;cf=cfr(-.313,-.202,-.1,.934,.313,-.171,-.352,.888,-.296,.059,.337,.94);es="Linear";ed="In";};};{tm=.15;["Torso"]={tm=.0170;cf=cfr(0,0,-1.611,1,0,0,0,.907,-.422,0,.422,.907);es="Linear";ed="In";};["Left Leg"]={tm=.0170;cf=cfr(-.731,.311,0,.821,-.571,0,.571,.821,0,0,0,1);es="Linear";ed="In";};["Right Arm"]={tm=.0170;cf=cfr(.312,-.202,-.1,.934,-.313,.171,.352,.888,-.296,-.059,.337,.94);es="Linear";ed="In";};["Head"]={tm=.0170;cf=cfr(0,0,0,1,0,0,0,.711,-.703,0,.703,.711);es="Linear";ed="In";};["Right Leg"]={tm=.0170;cf=cfr(.731,.311,0,.821,.571,0,-.571,.821,0,0,0,1);es="Linear";ed="In";};["Left Arm"]={tm=.0170;cf=cfr(-.312,-.202,-.1,.934,.313,-.171,-.352,.888,-.296,.059,.337,.94);es="Linear";ed="In";};};{tm=.167;["Torso"]={tm=.0159;cf=cfr(0,0,-1.61,1,0,0,0,.907,-.421,0,.421,.907);es="Linear";ed="In";};["Left Leg"]={tm=.0159;cf=cfr(-.73,.311,0,.821,-.571,0,.571,.821,0,0,0,1);es="Linear";ed="In";};["Right Arm"]={tm=.0159;cf=cfr(.312,-.202,-.1,.934,-.314,.171,.352,.888,-.296,-.059,.337,.94);es="Linear";ed="In";};["Head"]={tm=.0159;cf=cfr(0,0,0,1,0,0,0,.712,-.702,0,.702,.712);es="Linear";ed="In";};["Right Leg"]={tm=.0159;cf=cfr(.73,.311,0,.821,.571,0,-.571,.821,0,0,0,1);es="Linear";ed="In";};["Left Arm"]={tm=.0159;cf=cfr(-.312,-.202,-.1,.934,.314,-.171,-.352,.888,-.296,.059,.337,.94);es="Linear";ed="In";};};{tm=.183;["Torso"]={tm=.0170;cf=cfr(0,0,-1.609,1,0,0,0,.907,-.421,0,.421,.907);es="Linear";ed="In";};["Left Leg"]={tm=.0170;cf=cfr(-.73,.312,0,.822,-.57,0,.57,.822,0,0,0,1);es="Linear";ed="In";};["Right Arm"]={tm=.0170;cf=cfr(.312,-.201,-.1,.934,-.314,.171,.353,.888,-.296,-.059,.337,.94);es="Linear";ed="In";};["Head"]={tm=.0170;cf=cfr(0,0,0,1,0,0,0,.713,-.701,0,.701,.713);es="Linear";ed="In";};["Right Leg"]={tm=.0170;cf=cfr(.73,.312,0,.822,.57,0,-.57,.822,0,0,0,1);es="Linear";ed="In";};["Left Arm"]={tm=.0170;cf=cfr(-.312,-.201,-.1,.934,.314,-.171,-.353,.888,-.296,.059,.337,.94);es="Linear";ed="In";};};{tm=.2;["Torso"]={tm=.0169;cf=cfr(0,0,-1.607,1,0,0,0,.907,-.421,0,.421,.907);es="Linear";ed="In";};["Left Leg"]={tm=.0169;cf=cfr(-.73,.313,0,.822,-.569,0,.569,.822,0,0,0,1);es="Linear";ed="In";};["Right Arm"]={tm=.0169;cf=cfr(.311,-.201,-.1,.934,-.314,.171,.353,.888,-.296,-.059,.337,.94);es="Linear";ed="In";};["Head"]={tm=.0169;cf=cfr(0,0,0,1,0,0,0,.714,-.7,0,.7,.714);es="Linear";ed="In";};["Right Leg"]={tm=.0169;cf=cfr(.73,.313,0,.822,.569,0,-.569,.822,0,0,0,1);es="Linear";ed="In";};["Left Arm"]={tm=.0169;cf=cfr(-.311,-.201,-.1,.934,.314,-.171,-.353,.888,-.296,.059,.337,.94);es="Linear";ed="In";};};{tm=.217;["Torso"]={tm=.0160;cf=cfr(0,0,-1.606,1,0,0,0,.907,-.42,0,.42,.907);es="Linear";ed="In";};["Left Leg"]={tm=.0160;cf=cfr(-.729,.314,0,.823,-.568,0,.568,.823,0,0,0,1);es="Linear";ed="In";};["Right Arm"]={tm=.0160;cf=cfr(.311,-.2,-.1,.934,-.315,.171,.353,.887,-.296,-.059,.337,.94);es="Linear";ed="In";};["Head"]={tm=.0160;cf=cfr(0,0,0,1,0,0,0,.715,-.699,0,.699,.715);es="Linear";ed="In";};["Right Leg"]={tm=.0160;cf=cfr(.729,.314,0,.823,.568,0,-.568,.823,0,0,0,1);es="Linear";ed="In";};["Left Arm"]={tm=.0160;cf=cfr(-.311,-.2,-.1,.934,.315,-.171,-.353,.887,-.296,.059,.337,.94);es="Linear";ed="In";};};{tm=.233;["Torso"]={tm=.0169;cf=cfr(0,0,-1.605,1,0,0,0,.908,-.42,0,.42,.908);es="Linear";ed="In";};["Left Leg"]={tm=.0169;cf=cfr(-.729,.315,0,.823,-.568,0,.568,.823,0,0,0,1);es="Linear";ed="In";};["Right Arm"]={tm=.0169;cf=cfr(.31,-.2,-.1,.934,-.315,.171,.354,.887,-.296,-.058,.337,.94);es="Linear";ed="In";};["Head"]={tm=.0169;cf=cfr(0,0,0,1,0,0,0,.716,-.698,0,.698,.716);es="Linear";ed="In";};["Right Leg"]={tm=.0169;cf=cfr(.729,.315,0,.823,.568,0,-.568,.823,0,0,0,1);es="Linear";ed="In";};["Left Arm"]={tm=.0169;cf=cfr(-.31,-.2,-.1,.934,.315,-.171,-.354,.887,-.296,.058,.337,.94);es="Linear";ed="In";};};{tm=.25;["Torso"]={tm=.0170;cf=cfr(0,0,-1.603,1,0,0,0,.908,-.42,0,.42,.908);es="Linear";ed="In";};["Left Leg"]={tm=.0170;cf=cfr(-.728,.316,0,.824,-.567,0,.567,.824,0,0,0,1);es="Linear";ed="In";};["Right Arm"]={tm=.0170;cf=cfr(.31,-.199,-.1,.933,-.315,.171,.354,.887,-.296,-.058,.337,.94);es="Linear";ed="In";};["Head"]={tm=.0170;cf=cfr(0,0,0,1,0,0,0,.718,-.696,0,.696,.718);es="Linear";ed="In";};["Right Leg"]={tm=.0170;cf=cfr(.728,.316,0,.824,.567,0,-.567,.824,0,0,0,1);es="Linear";ed="In";};["Left Arm"]={tm=.0170;cf=cfr(-.31,-.199,-.1,.933,.315,-.171,-.354,.887,-.296,.058,.337,.94);es="Linear";ed="In";};};{tm=.267;["Torso"]={tm=.0159;cf=cfr(0,0,-1.602,1,0,0,0,.908,-.419,0,.419,.908);es="Linear";ed="In";};["Left Leg"]={tm=.0159;cf=cfr(-.728,.317,0,.825,-.566,0,.566,.825,0,0,0,1);es="Linear";ed="In";};["Right Arm"]={tm=.0159;cf=cfr(.309,-.199,-.1,.933,-.316,.171,.354,.887,-.296,-.058,.337,.94);es="Linear";ed="In";};["Head"]={tm=.0159;cf=cfr(0,0,0,1,0,0,0,.719,-.695,0,.695,.719);es="Linear";ed="In";};["Right Leg"]={tm=.0159;cf=cfr(.728,.317,0,.825,.566,0,-.566,.825,0,0,0,1);es="Linear";ed="In";};["Left Arm"]={tm=.0159;cf=cfr(-.309,-.199,-.1,.933,.316,-.171,-.354,.887,-.296,.058,.337,.94);es="Linear";ed="In";};};{tm=.283;["Torso"]={tm=.0170;cf=cfr(0,0,-1.6,1,0,0,0,.908,-.419,0,.419,.908);es="Linear";ed="In";};["Left Leg"]={tm=.0170;cf=cfr(-.727,.319,0,.825,-.565,0,.565,.825,0,0,0,1);es="Linear";ed="In";};["Right Arm"]={tm=.0170;cf=cfr(.309,-.198,-.1,.933,-.316,.171,.355,.887,-.296,-.058,.337,.94);es="Linear";ed="In";};["Head"]={tm=.0170;cf=cfr(0,0,0,1,0,0,0,.721,-.693,0,.693,.721);es="Linear";ed="In";};["Right Leg"]={tm=.0170;cf=cfr(.727,.319,0,.825,.565,0,-.565,.825,0,0,0,1);es="Linear";ed="In";};["Left Arm"]={tm=.0170;cf=cfr(-.309,-.198,-.1,.933,.316,-.171,-.355,.887,-.296,.058,.337,.94);es="Linear";ed="In";};};{tm=.3;["Torso"]={tm=.0170;cf=cfr(0,0,-1.598,1,0,0,0,.908,-.418,0,.418,.908);es="Linear";ed="In";};["Left Leg"]={tm=.0170;cf=cfr(-.726,.32,0,.826,-.564,0,.564,.826,0,0,0,1);es="Linear";ed="In";};["Right Arm"]={tm=.0170;cf=cfr(.308,-.197,-.1,.933,-.317,.171,.355,.887,-.296,-.058,.337,.94);es="Linear";ed="In";};["Head"]={tm=.0170;cf=cfr(0,0,0,1,0,0,0,.722,-.692,0,.692,.722);es="Linear";ed="In";};["Right Leg"]={tm=.0170;cf=cfr(.726,.32,0,.826,.564,0,-.564,.826,0,0,0,1);es="Linear";ed="In";};["Left Arm"]={tm=.0170;cf=cfr(-.308,-.197,-.1,.933,.317,-.171,-.355,.887,-.296,.058,.337,.94);es="Linear";ed="In";};};{tm=.317;["Torso"]={tm=.0160;cf=cfr(0,0,-1.596,1,0,0,0,.909,-.418,0,.418,.909);es="Linear";ed="In";};["Left Leg"]={tm=.0160;cf=cfr(-.726,.322,0,.827,-.563,0,.563,.827,0,0,0,1);es="Linear";ed="In";};["Right Arm"]={tm=.0160;cf=cfr(.307,-.197,-.1,.933,-.317,.171,.356,.886,-.296,-.058,.337,.94);es="Linear";ed="In";};["Head"]={tm=.0160;cf=cfr(0,0,0,1,0,0,0,.724,-.69,0,.69,.724);es="Linear";ed="In";};["Right Leg"]={tm=.0160;cf=cfr(.726,.322,0,.827,.563,0,-.563,.827,0,0,0,1);es="Linear";ed="In";};["Left Arm"]={tm=.0160;cf=cfr(-.307,-.197,-.1,.933,.317,-.171,-.356,.886,-.296,.058,.337,.94);es="Linear";ed="In";};};{tm=.333;["Torso"]={tm=.0169;cf=cfr(0,0,-1.594,1,0,0,0,.909,-.417,0,.417,.909);es="Linear";ed="In";};["Left Leg"]={tm=.0169;cf=cfr(-.725,.323,0,.828,-.561,0,.561,.828,0,0,0,1);es="Linear";ed="In";};["Right Arm"]={tm=.0169;cf=cfr(.307,-.196,-.1,.933,-.318,.171,.356,.886,-.296,-.057,.337,.94);es="Linear";ed="In";};["Head"]={tm=.0169;cf=cfr(0,0,0,1,0,0,0,.726,-.688,0,.688,.726);es="Linear";ed="In";};["Right Leg"]={tm=.0169;cf=cfr(.725,.323,0,.828,.561,0,-.561,.828,0,0,0,1);es="Linear";ed="In";};["Left Arm"]={tm=.0169;cf=cfr(-.307,-.196,-.1,.933,.318,-.171,-.356,.886,-.296,.057,.337,.94);es="Linear";ed="In";};};{tm=.35;["Torso"]={tm=.0170;cf=cfr(0,0,-1.592,1,0,0,0,.909,-.417,0,.417,.909);es="Linear";ed="In";};["Left Leg"]={tm=.0170;cf=cfr(-.724,.325,0,.828,-.56,0,.56,.828,0,0,0,1);es="Linear";ed="In";};["Right Arm"]={tm=.0170;cf=cfr(.306,-.195,-.1,.932,-.318,.171,.357,.886,-.296,-.057,.337,.94);es="Linear";ed="In";};["Head"]={tm=.0170;cf=cfr(0,0,0,1,0,0,0,.728,-.686,0,.686,.728);es="Linear";ed="In";};["Right Leg"]={tm=.0170;cf=cfr(.724,.325,0,.828,.56,0,-.56,.828,0,0,0,1);es="Linear";ed="In";};["Left Arm"]={tm=.0170;cf=cfr(-.306,-.195,-.1,.932,.318,-.171,-.357,.886,-.296,.057,.337,.94);es="Linear";ed="In";};};{tm=.367;["Torso"]={tm=.0160;cf=cfr(0,0,-1.59,1,0,0,0,.909,-.416,0,.416,.909);es="Linear";ed="In";};["Left Leg"]={tm=.0160;cf=cfr(-.723,.326,0,.829,-.559,0,.559,.829,0,0,0,1);es="Linear";ed="In";};["Right Arm"]={tm=.0160;cf=cfr(.305,-.194,-.1,.932,-.319,.171,.357,.886,-.296,-.057,.337,.94);es="Linear";ed="In";};["Head"]={tm=.0160;cf=cfr(0,0,0,1,0,0,0,.73,-.684,0,.684,.73);es="Linear";ed="In";};["Right Leg"]={tm=.0160;cf=cfr(.723,.326,0,.829,.559,0,-.559,.829,0,0,0,1);es="Linear";ed="In";};["Left Arm"]={tm=.0160;cf=cfr(-.305,-.194,-.1,.932,.319,-.171,-.357,.886,-.296,.057,.337,.94);es="Linear";ed="In";};};{tm=.383;["Torso"]={tm=.0170;cf=cfr(0,0,-1.587,1,0,0,0,.91,-.415,0,.415,.91);es="Linear";ed="In";};["Left Leg"]={tm=.0170;cf=cfr(-.723,.328,0,.83,-.557,0,.557,.83,0,0,0,1);es="Linear";ed="In";};["Right Arm"]={tm=.0170;cf=cfr(.304,-.193,-.1,.932,-.32,.171,.358,.885,-.296,-.057,.337,.94);es="Linear";ed="In";};["Head"]={tm=.0170;cf=cfr(0,0,0,1,0,0,0,.732,-.682,0,.682,.732);es="Linear";ed="In";};["Right Leg"]={tm=.0170;cf=cfr(.723,.328,0,.83,.557,0,-.557,.83,0,0,0,1);es="Linear";ed="In";};["Left Arm"]={tm=.0170;cf=cfr(-.304,-.193,-.1,.932,.32,-.171,-.358,.885,-.296,.057,.337,.94);es="Linear";ed="In";};};{tm=.4;["Torso"]={tm=.0169;cf=cfr(0,0,-1.585,1,0,0,0,.91,-.415,0,.415,.91);es="Linear";ed="In";};["Left Leg"]={tm=.0169;cf=cfr(-.722,.33,0,.831,-.556,0,.556,.831,0,0,0,1);es="Linear";ed="In";};["Right Arm"]={tm=.0169;cf=cfr(.303,-.193,-.1,.932,-.32,.171,.359,.885,-.296,-.057,.337,.94);es="Linear";ed="In";};["Head"]={tm=.0169;cf=cfr(0,0,0,1,0,0,0,.734,-.679,0,.679,.734);es="Linear";ed="In";};["Right Leg"]={tm=.0169;cf=cfr(.722,.33,0,.831,.556,0,-.556,.831,0,0,0,1);es="Linear";ed="In";};["Left Arm"]={tm=.0169;cf=cfr(-.303,-.193,-.1,.932,.32,-.171,-.359,.885,-.296,.057,.337,.94);es="Linear";ed="In";};};{tm=.417;["Torso"]={tm=.0160;cf=cfr(0,0,-1.582,1,0,0,0,.91,-.414,0,.414,.91);es="Linear";ed="In";};["Left Leg"]={tm=.0160;cf=cfr(-.721,.332,0,.832,-.554,0,.554,.832,0,0,0,1);es="Linear";ed="In";};["Right Arm"]={tm=.0160;cf=cfr(.302,-.192,-.1,.932,-.321,.171,.359,.885,-.296,-.056,.337,.94);es="Linear";ed="In";};["Head"]={tm=.0160;cf=cfr(0,0,0,1,0,0,0,.736,-.677,0,.677,.736);es="Linear";ed="In";};["Right Leg"]={tm=.0160;cf=cfr(.721,.332,0,.832,.554,0,-.554,.832,0,0,0,1);es="Linear";ed="In";};["Left Arm"]={tm=.0160;cf=cfr(-.302,-.192,-.1,.932,.321,-.171,-.359,.885,-.296,.056,.337,.94);es="Linear";ed="In";};};{tm=.433;["Torso"]={tm=.0170;cf=cfr(0,0,-1.58,1,0,0,0,.91,-.414,0,.414,.91);es="Linear";ed="In";};["Left Leg"]={tm=.0170;cf=cfr(-.72,.334,0,.833,-.553,0,.553,.833,0,0,0,1);es="Linear";ed="In";};["Right Arm"]={tm=.0170;cf=cfr(.302,-.191,-.1,.931,-.322,.171,.36,.885,-.296,-.056,.337,.94);es="Linear";ed="In";};["Head"]={tm=.0170;cf=cfr(0,0,0,1,0,0,0,.738,-.675,0,.675,.738);es="Linear";ed="In";};["Right Leg"]={tm=.0170;cf=cfr(.72,.334,0,.833,.553,0,-.553,.833,0,0,0,1);es="Linear";ed="In";};["Left Arm"]={tm=.0170;cf=cfr(-.302,-.191,-.1,.931,.322,-.171,-.36,.885,-.296,.056,.337,.94);es="Linear";ed="In";};};{tm=.45;["Torso"]={tm=.0170;cf=cfr(0,0,-1.577,1,0,0,0,.911,-.413,0,.413,.911);es="Linear";ed="In";};["Left Leg"]={tm=.0170;cf=cfr(-.719,.336,0,.834,-.551,0,.551,.834,0,0,0,1);es="Linear";ed="In";};["Right Arm"]={tm=.0170;cf=cfr(.301,-.19,-.1,.931,-.322,.171,.361,.884,-.296,-.056,.337,.94);es="Linear";ed="In";};["Head"]={tm=.0170;cf=cfr(0,0,0,1,0,0,0,.741,-.672,0,.672,.741);es="Linear";ed="In";};["Right Leg"]={tm=.0170;cf=cfr(.719,.336,0,.834,.551,0,-.551,.834,0,0,0,1);es="Linear";ed="In";};["Left Arm"]={tm=.0170;cf=cfr(-.301,-.19,-.1,.931,.322,-.171,-.361,.884,-.296,.056,.337,.94);es="Linear";ed="In";};};{tm=.467;["Torso"]={tm=.0159;cf=cfr(0,0,-1.574,1,0,0,0,.911,-.412,0,.412,.911);es="Linear";ed="In";};["Left Leg"]={tm=.0159;cf=cfr(-.718,.338,0,.835,-.55,0,.55,.835,0,0,0,1);es="Linear";ed="In";};["Right Arm"]={tm=.0159;cf=cfr(.3,-.188,-.1,.931,-.323,.171,.361,.884,-.296,-.055,.337,.94);es="Linear";ed="In";};["Head"]={tm=.0159;cf=cfr(0,0,0,1,0,0,0,.743,-.669,0,.669,.743);es="Linear";ed="In";};["Right Leg"]={tm=.0159;cf=cfr(.718,.338,0,.835,.55,0,-.55,.835,0,0,0,1);es="Linear";ed="In";};["Left Arm"]={tm=.0159;cf=cfr(-.3,-.188,-.1,.931,.323,-.171,-.361,.884,-.296,.055,.337,.94);es="Linear";ed="In";};};{tm=.483;["Torso"]={tm=.0170;cf=cfr(0,0,-1.571,1,0,0,0,.911,-.411,0,.411,.911);es="Linear";ed="In";};["Left Leg"]={tm=.0170;cf=cfr(-.717,.34,0,.837,-.548,0,.548,.837,0,0,0,1);es="Linear";ed="In";};["Right Arm"]={tm=.0170;cf=cfr(.299,-.187,-.1,.931,-.324,.171,.362,.884,-.296,-.055,.338,.94);es="Linear";ed="In";};["Head"]={tm=.0170;cf=cfr(0,0,0,1,0,0,0,.746,-.666,0,.666,.746);es="Linear";ed="In";};["Right Leg"]={tm=.0170;cf=cfr(.717,.34,0,.837,.548,0,-.548,.837,0,0,0,1);es="Linear";ed="In";};["Left Arm"]={tm=.0170;cf=cfr(-.299,-.187,-.1,.931,.324,-.171,-.362,.884,-.296,.055,.338,.94);es="Linear";ed="In";};};{tm=.5;["Torso"]={tm=.0170;cf=cfr(0,0,-1.568,1,0,0,0,.912,-.411,0,.411,.912);es="Linear";ed="In";};["Left Leg"]={tm=.0170;cf=cfr(-.716,.342,0,.838,-.546,0,.546,.838,0,0,0,1);es="Linear";ed="In";};["Right Arm"]={tm=.0170;cf=cfr(.297,-.186,-.1,.93,-.325,.171,.363,.884,-.296,-.055,.338,.94);es="Linear";ed="In";};["Head"]={tm=.0170;cf=cfr(0,0,0,1,0,0,0,.748,-.664,0,.664,.748);es="Linear";ed="In";};["Right Leg"]={tm=.0170;cf=cfr(.716,.342,0,.838,.546,0,-.546,.838,0,0,0,1);es="Linear";ed="In";};["Left Arm"]={tm=.0170;cf=cfr(-.297,-.186,-.1,.93,.325,-.171,-.363,.884,-.296,.055,.338,.94);es="Linear";ed="In";};};{tm=.517;["Torso"]={tm=.0160;cf=cfr(0,0,-1.565,1,0,0,0,.912,-.41,0,.41,.912);es="Linear";ed="In";};["Left Leg"]={tm=.0160;cf=cfr(-.715,.344,0,.839,-.544,0,.544,.839,0,0,0,1);es="Linear";ed="In";};["Right Arm"]={tm=.0160;cf=cfr(.296,-.185,-.1,.93,-.326,.171,.364,.883,-.296,-.055,.338,.94);es="Linear";ed="In";};["Head"]={tm=.0160;cf=cfr(0,0,0,1,0,0,0,.751,-.661,0,.661,.751);es="Linear";ed="In";};["Right Leg"]={tm=.0160;cf=cfr(.715,.344,0,.839,.544,0,-.544,.839,0,0,0,1);es="Linear";ed="In";};["Left Arm"]={tm=.0160;cf=cfr(-.296,-.185,-.1,.93,.326,-.171,-.364,.883,-.296,.055,.338,.94);es="Linear";ed="In";};};{tm=.533;["Torso"]={tm=.0170;cf=cfr(0,0,-1.562,1,0,0,0,.913,-.409,0,.409,.913);es="Linear";ed="In";};["Left Leg"]={tm=.0170;cf=cfr(-.714,.347,0,.84,-.542,0,.542,.84,0,0,0,1);es="Linear";ed="In";};["Right Arm"]={tm=.0170;cf=cfr(.295,-.184,-.1,.93,-.326,.171,.364,.883,-.296,-.054,.338,.94);es="Linear";ed="In";};["Head"]={tm=.0170;cf=cfr(0,0,0,1,0,0,0,.753,-.658,0,.658,.753);es="Linear";ed="In";};["Right Leg"]={tm=.0170;cf=cfr(.714,.347,0,.84,.542,0,-.542,.84,0,0,0,1);es="Linear";ed="In";};["Left Arm"]={tm=.0170;cf=cfr(-.295,-.184,-.1,.93,.326,-.171,-.364,.883,-.296,.054,.338,.94);es="Linear";ed="In";};};{tm=.55;["Torso"]={tm=.0169;cf=cfr(0,0,-1.558,1,0,0,0,.913,-.408,0,.408,.913);es="Linear";ed="In";};["Left Leg"]={tm=.0169;cf=cfr(-.713,.349,0,.841,-.54,0,.54,.841,0,0,0,1);es="Linear";ed="In";};["Right Arm"]={tm=.0169;cf=cfr(.294,-.183,-.1,.929,-.327,.171,.365,.883,-.296,-.054,.338,.94);es="Linear";ed="In";};["Head"]={tm=.0169;cf=cfr(0,0,0,1,0,0,0,.756,-.654,0,.654,.756);es="Linear";ed="In";};["Right Leg"]={tm=.0169;cf=cfr(.713,.349,0,.841,.54,0,-.54,.841,0,0,0,1);es="Linear";ed="In";};["Left Arm"]={tm=.0169;cf=cfr(-.294,-.183,-.1,.929,.327,-.171,-.365,.883,-.296,.054,.338,.94);es="Linear";ed="In";};};{tm=.567;["Torso"]={tm=.0160;cf=cfr(0,0,-1.555,1,0,0,0,.913,-.407,0,.407,.913);es="Linear";ed="In";};["Left Leg"]={tm=.0160;cf=cfr(-.712,.352,0,.843,-.538,0,.538,.843,0,0,0,1);es="Linear";ed="In";};["Right Arm"]={tm=.0160;cf=cfr(.293,-.181,-.1,.929,-.328,.171,.366,.882,-.296,-.054,.338,.94);es="Linear";ed="In";};["Head"]={tm=.0160;cf=cfr(0,0,0,1,0,0,0,.759,-.651,0,.651,.759);es="Linear";ed="In";};["Right Leg"]={tm=.0160;cf=cfr(.712,.352,0,.843,.538,0,-.538,.843,0,0,0,1);es="Linear";ed="In";};["Left Arm"]={tm=.0160;cf=cfr(-.293,-.181,-.1,.929,.328,-.171,-.366,.882,-.296,.054,.338,.94);es="Linear";ed="In";};};{tm=.583;["Torso"]={tm=.0170;cf=cfr(0,0,-1.552,1,0,0,0,.914,-.406,0,.406,.914);es="Linear";ed="In";};["Left Leg"]={tm=.0170;cf=cfr(-.71,.354,0,.844,-.536,0,.536,.844,0,0,0,1);es="Linear";ed="In";};["Right Arm"]={tm=.0170;cf=cfr(.292,-.18,-.1,.929,-.329,.171,.367,.882,-.296,-.053,.338,.94);es="Linear";ed="In";};["Head"]={tm=.0170;cf=cfr(0,0,0,1,0,0,0,.762,-.648,0,.648,.762);es="Linear";ed="In";};["Right Leg"]={tm=.0170;cf=cfr(.71,.354,0,.844,.536,0,-.536,.844,0,0,0,1);es="Linear";ed="In";};["Left Arm"]={tm=.0170;cf=cfr(-.292,-.18,-.1,.929,.329,-.171,-.367,.882,-.296,.053,.338,.94);es="Linear";ed="In";};};{tm=.6;["Torso"]={tm=.0170;cf=cfr(0,0,-1.548,1,0,0,0,.914,-.405,0,.405,.914);es="Linear";ed="In";};["Left Leg"]={tm=.0170;cf=cfr(-.709,.357,0,.845,-.534,0,.534,.845,0,0,0,1);es="Linear";ed="In";};["Right Arm"]={tm=.0170;cf=cfr(.29,-.179,-.1,.928,-.33,.171,.368,.881,-.296,-.053,.338,.94);es="Linear";ed="In";};["Head"]={tm=.0170;cf=cfr(0,0,0,1,0,0,0,.765,-.644,0,.644,.765);es="Linear";ed="In";};["Right Leg"]={tm=.0170;cf=cfr(.709,.357,0,.845,.534,0,-.534,.845,0,0,0,1);es="Linear";ed="In";};["Left Arm"]={tm=.0170;cf=cfr(-.29,-.179,-.1,.928,.33,-.171,-.368,.881,-.296,.053,.338,.94);es="Linear";ed="In";};};{tm=.617;["Torso"]={tm=.0160;cf=cfr(0,0,-1.544,1,0,0,0,.915,-.404,0,.404,.915);es="Linear";ed="In";};["Left Leg"]={tm=.0160;cf=cfr(-.708,.36,0,.847,-.532,0,.532,.847,0,0,0,1);es="Linear";ed="In";};["Right Arm"]={tm=.0160;cf=cfr(.289,-.177,-.1,.928,-.331,.171,.369,.881,-.296,-.053,.338,.94);es="Linear";ed="In";};["Head"]={tm=.0160;cf=cfr(0,0,0,1,0,0,0,.768,-.64,0,.64,.768);es="Linear";ed="In";};["Right Leg"]={tm=.0160;cf=cfr(.708,.36,0,.847,.532,0,-.532,.847,0,0,0,1);es="Linear";ed="In";};["Left Arm"]={tm=.0160;cf=cfr(-.289,-.177,-.1,.928,.331,-.171,-.369,.881,-.296,.053,.338,.94);es="Linear";ed="In";};};{tm=.633;["Torso"]={tm=.0170;cf=cfr(0,0,-1.54,1,0,0,0,.915,-.403,0,.403,.915);es="Linear";ed="In";};["Left Leg"]={tm=.0170;cf=cfr(-.707,.362,0,.848,-.529,0,.529,.848,0,0,0,1);es="Linear";ed="In";};["Right Arm"]={tm=.0170;cf=cfr(.288,-.176,-.1,.928,-.332,.171,.37,.881,-.296,-.052,.338,.94);es="Linear";ed="In";};["Head"]={tm=.0170;cf=cfr(0,0,0,1,0,0,0,.771,-.637,0,.637,.771);es="Linear";ed="In";};["Right Leg"]={tm=.0170;cf=cfr(.707,.362,0,.848,.529,0,-.529,.848,0,0,0,1);es="Linear";ed="In";};["Left Arm"]={tm=.0170;cf=cfr(-.288,-.176,-.1,.928,.332,-.171,-.37,.881,-.296,.052,.338,.94);es="Linear";ed="In";};};{tm=.65;["Torso"]={tm=.0170;cf=cfr(0,0,-1.537,1,0,0,0,.915,-.402,0,.402,.915);es="Linear";ed="In";};["Left Leg"]={tm=.0170;cf=cfr(-.705,.365,0,.85,-.527,0,.527,.85,0,0,0,1);es="Linear";ed="In";};["Right Arm"]={tm=.0170;cf=cfr(.286,-.174,-.1,.927,-.333,.171,.371,.88,-.296,-.052,.338,.94);es="Linear";ed="In";};["Head"]={tm=.0170;cf=cfr(0,0,0,1,0,0,0,.774,-.633,0,.633,.774);es="Linear";ed="In";};["Right Leg"]={tm=.0170;cf=cfr(.705,.365,0,.85,.527,0,-.527,.85,0,0,0,1);es="Linear";ed="In";};["Left Arm"]={tm=.0170;cf=cfr(-.286,-.174,-.1,.927,.333,-.171,-.371,.88,-.296,.052,.338,.94);es="Linear";ed="In";};};{tm=.667;["Torso"]={tm=.0160;cf=cfr(0,0,-1.533,1,0,0,0,.916,-.401,0,.401,.916);es="Linear";ed="In";};["Left Leg"]={tm=.0160;cf=cfr(-.704,.368,0,.851,-.525,0,.525,.851,0,0,0,1);es="Linear";ed="In";};["Right Arm"]={tm=.0160;cf=cfr(.285,-.173,-.1,.927,-.334,.171,.372,.88,-.296,-.051,.338,.94);es="Linear";ed="In";};["Head"]={tm=.0160;cf=cfr(0,0,0,1,0,0,0,.777,-.629,0,.629,.777);es="Linear";ed="In";};["Right Leg"]={tm=.0160;cf=cfr(.704,.368,0,.851,.525,0,-.525,.851,0,0,0,1);es="Linear";ed="In";};["Left Arm"]={tm=.0160;cf=cfr(-.285,-.173,-.1,.927,.334,-.171,-.372,.88,-.296,.051,.338,.94);es="Linear";ed="In";};};{tm=.683;["Torso"]={tm=.0169;cf=cfr(0,0,-1.529,1,0,0,0,.916,-.4,0,.4,.916);es="Linear";ed="In";};["Left Leg"]={tm=.0169;cf=cfr(-.702,.371,0,.853,-.522,0,.522,.853,0,0,0,1);es="Linear";ed="In";};["Right Arm"]={tm=.0169;cf=cfr(.283,-.171,-.1,.927,-.335,.171,.373,.879,-.296,-.051,.338,.94);es="Linear";ed="In";};["Head"]={tm=.0169;cf=cfr(0,0,0,1,0,0,0,.781,-.625,0,.625,.781);es="Linear";ed="In";};["Right Leg"]={tm=.0169;cf=cfr(.702,.371,0,.853,.522,0,-.522,.853,0,0,0,1);es="Linear";ed="In";};["Left Arm"]={tm=.0169;cf=cfr(-.283,-.171,-.1,.927,.335,-.171,-.373,.879,-.296,.051,.338,.94);es="Linear";ed="In";};};{tm=.7;["Torso"]={tm=.0170;cf=cfr(0,0,-1.524,1,0,0,0,.917,-.399,0,.399,.917);es="Linear";ed="In";};["Left Leg"]={tm=.0170;cf=cfr(-.701,.374,0,.854,-.52,0,.52,.854,0,0,0,1);es="Linear";ed="In";};["Right Arm"]={tm=.0170;cf=cfr(.282,-.17,-.1,.926,-.336,.171,.374,.879,-.296,-.051,.338,.94);es="Linear";ed="In";};["Head"]={tm=.0170;cf=cfr(0,0,0,1,0,0,0,.784,-.621,0,.621,.784);es="Linear";ed="In";};["Right Leg"]={tm=.0170;cf=cfr(.701,.374,0,.854,.52,0,-.52,.854,0,0,0,1);es="Linear";ed="In";};["Left Arm"]={tm=.0170;cf=cfr(-.282,-.17,-.1,.926,.336,-.171,-.374,.879,-.296,.051,.338,.94);es="Linear";ed="In";};};{tm=.717;["Torso"]={tm=.0160;cf=cfr(0,0,-1.52,1,0,0,0,.917,-.398,0,.398,.917);es="Linear";ed="In";};["Left Leg"]={tm=.0160;cf=cfr(-.7,.377,0,.856,-.517,0,.517,.856,0,0,0,1);es="Linear";ed="In";};["Right Arm"]={tm=.0160;cf=cfr(.28,-.168,-.1,.926,-.337,.171,.375,.878,-.296,-.05,.338,.94);es="Linear";ed="In";};["Head"]={tm=.0160;cf=cfr(0,0,0,1,0,0,0,.787,-.616,0,.616,.787);es="Linear";ed="In";};["Right Leg"]={tm=.0160;cf=cfr(.7,.377,0,.856,.517,0,-.517,.856,0,0,0,1);es="Linear";ed="In";};["Left Arm"]={tm=.0160;cf=cfr(-.28,-.168,-.1,.926,.337,-.171,-.375,.878,-.296,.05,.338,.94);es="Linear";ed="In";};};{tm=.733;["Torso"]={tm=.0170;cf=cfr(0,0,-1.516,1,0,0,0,.918,-.397,0,.397,.918);es="Linear";ed="In";};["Left Leg"]={tm=.0170;cf=cfr(-.698,.381,0,.857,-.515,0,.515,.857,0,0,0,1);es="Linear";ed="In";};["Right Arm"]={tm=.0170;cf=cfr(.279,-.167,-.1,.925,-.339,.171,.376,.878,-.296,-.05,.338,.94);es="Linear";ed="In";};["Head"]={tm=.0170;cf=cfr(0,0,0,1,0,0,0,.791,-.612,0,.612,.791);es="Linear";ed="In";};["Right Leg"]={tm=.0170;cf=cfr(.698,.381,0,.857,.515,0,-.515,.857,0,0,0,1);es="Linear";ed="In";};["Left Arm"]={tm=.0170;cf=cfr(-.279,-.167,-.1,.925,.339,-.171,-.376,.878,-.296,.05,.338,.94);es="Linear";ed="In";};};{tm=.75;["Torso"]={tm=.0170;cf=cfr(0,0,-1.511,1,0,0,0,.918,-.396,0,.396,.918);es="Linear";ed="In";};["Left Leg"]={tm=.0170;cf=cfr(-.697,.384,0,.859,-.512,0,.512,.859,0,0,0,1);es="Linear";ed="In";};["Right Arm"]={tm=.0170;cf=cfr(.277,-.165,-.1,.925,-.34,.171,.377,.878,-.296,-.049,.338,.94);es="Linear";ed="In";};["Head"]={tm=.0170;cf=cfr(0,0,0,1,0,0,0,.794,-.608,0,.608,.794);es="Linear";ed="In";};["Right Leg"]={tm=.0170;cf=cfr(.697,.384,0,.859,.512,0,-.512,.859,0,0,0,1);es="Linear";ed="In";};["Left Arm"]={tm=.0170;cf=cfr(-.277,-.165,-.1,.925,.34,-.171,-.377,.878,-.296,.049,.338,.94);es="Linear";ed="In";};};{tm=.767;["Torso"]={tm=.0160;cf=cfr(0,0,-1.507,1,0,0,0,.919,-.395,0,.395,.919);es="Linear";ed="In";};["Left Leg"]={tm=.0160;cf=cfr(-.695,.387,0,.861,-.509,0,.509,.861,0,0,0,1);es="Linear";ed="In";};["Right Arm"]={tm=.0160;cf=cfr(.276,-.163,-.1,.924,-.341,.171,.378,.877,-.296,-.049,.338,.94);es="Linear";ed="In";};["Head"]={tm=.0160;cf=cfr(0,0,0,1,0,0,0,.798,-.603,0,.603,.798);es="Linear";ed="In";};["Right Leg"]={tm=.0160;cf=cfr(.695,.387,0,.861,.509,0,-.509,.861,0,0,0,1);es="Linear";ed="In";};["Left Arm"]={tm=.0160;cf=cfr(-.276,-.163,-.1,.924,.341,-.171,-.378,.877,-.296,.049,.338,.94);es="Linear";ed="In";};};{tm=.783;["Torso"]={tm=.0170;cf=cfr(0,0,-1.502,1,0,0,0,.919,-.393,0,.393,.919);es="Linear";ed="In";};["Left Leg"]={tm=.0170;cf=cfr(-.693,.391,0,.862,-.506,0,.506,.862,0,0,0,1);es="Linear";ed="In";};["Right Arm"]={tm=.0170;cf=cfr(.274,-.162,-.1,.924,-.342,.171,.379,.877,-.296,-.049,.339,.94);es="Linear";ed="In";};["Head"]={tm=.0170;cf=cfr(0,0,0,1,0,0,0,.801,-.598,0,.598,.801);es="Linear";ed="In";};["Right Leg"]={tm=.0170;cf=cfr(.693,.391,0,.862,.506,0,-.506,.862,0,0,0,1);es="Linear";ed="In";};["Left Arm"]={tm=.0170;cf=cfr(-.274,-.162,-.1,.924,.342,-.171,-.379,.877,-.296,.049,.339,.94);es="Linear";ed="In";};};{tm=.8;["Torso"]={tm=.0169;cf=cfr(0,0,-1.498,1,0,0,0,.92,-.392,0,.392,.92);es="Linear";ed="In";};["Left Leg"]={tm=.0169;cf=cfr(-.692,.394,0,.864,-.503,0,.503,.864,0,0,0,1);es="Linear";ed="In";};["Right Arm"]={tm=.0169;cf=cfr(.272,-.16,-.1,.924,-.343,.171,.38,.876,-.296,-.048,.339,.94);es="Linear";ed="In";};["Head"]={tm=.0169;cf=cfr(0,0,0,1,0,0,0,.805,-.593,0,.593,.805);es="Linear";ed="In";};["Right Leg"]={tm=.0169;cf=cfr(.692,.394,0,.864,.503,0,-.503,.864,0,0,0,1);es="Linear";ed="In";};["Left Arm"]={tm=.0169;cf=cfr(-.272,-.16,-.1,.924,.343,-.171,-.38,.876,-.296,.048,.339,.94);es="Linear";ed="In";};};{tm=.817;["Torso"]={tm=.0160;cf=cfr(0,0,-1.493,1,0,0,0,.92,-.391,0,.391,.92);es="Linear";ed="In";};["Left Leg"]={tm=.0160;cf=cfr(-.69,.398,0,.866,-.5,0,.5,.866,0,0,0,1);es="Linear";ed="In";};["Right Arm"]={tm=.0160;cf=cfr(.271,-.158,-.1,.923,-.345,.171,.382,.876,-.296,-.048,.339,.94);es="Linear";ed="In";};["Head"]={tm=.0160;cf=cfr(0,0,0,1,0,0,0,.808,-.589,0,.589,.808);es="Linear";ed="In";};["Right Leg"]={tm=.0160;cf=cfr(.69,.398,0,.866,.5,0,-.5,.866,0,0,0,1);es="Linear";ed="In";};["Left Arm"]={tm=.0160;cf=cfr(-.271,-.158,-.1,.923,.345,-.171,-.382,.876,-.296,.048,.339,.94);es="Linear";ed="In";};};{tm=.833;["Torso"]={tm=.0170;cf=cfr(0,0,-1.488,1,0,0,0,.921,-.39,0,.39,.921);es="Linear";ed="In";};["Left Leg"]={tm=.0170;cf=cfr(-.688,.401,0,.867,-.497,0,.497,.867,0,0,0,1);es="Linear";ed="In";};["Right Arm"]={tm=.0170;cf=cfr(.269,-.156,-.1,.923,-.346,.171,.383,.875,-.296,-.047,.339,.94);es="Linear";ed="In";};["Head"]={tm=.0170;cf=cfr(0,0,0,1,0,0,0,.812,-.584,0,.584,.812);es="Linear";ed="In";};["Right Leg"]={tm=.0170;cf=cfr(.688,.401,0,.867,.497,0,-.497,.867,0,0,0,1);es="Linear";ed="In";};["Left Arm"]={tm=.0170;cf=cfr(-.269,-.156,-.1,.923,.346,-.171,-.383,.875,-.296,.047,.339,.94);es="Linear";ed="In";};};{tm=.85;["Torso"]={tm=.0170;cf=cfr(0,0,-1.483,1,0,0,0,.922,-.388,0,.388,.922);es="Linear";ed="In";};["Left Leg"]={tm=.0170;cf=cfr(-.687,.405,0,.869,-.494,0,.494,.869,0,0,0,1);es="Linear";ed="In";};["Right Arm"]={tm=.0170;cf=cfr(.267,-.154,-.1,.922,-.347,.171,.384,.874,-.296,-.047,.339,.94);es="Linear";ed="In";};["Head"]={tm=.0170;cf=cfr(0,0,0,1,0,0,0,.816,-.578,0,.578,.816);es="Linear";ed="In";};["Right Leg"]={tm=.0170;cf=cfr(.687,.405,0,.869,.494,0,-.494,.869,0,0,0,1);es="Linear";ed="In";};["Left Arm"]={tm=.0170;cf=cfr(-.267,-.154,-.1,.922,.347,-.171,-.384,.874,-.296,.047,.339,.94);es="Linear";ed="In";};};{tm=.867;["Torso"]={tm=.0160;cf=cfr(0,0,-1.478,1,0,0,0,.922,-.387,0,.387,.922);es="Linear";ed="In";};["Left Leg"]={tm=.0160;cf=cfr(-.685,.409,0,.871,-.491,0,.491,.871,0,0,0,1);es="Linear";ed="In";};["Right Arm"]={tm=.0160;cf=cfr(.266,-.153,-.1,.922,-.348,.171,.385,.874,-.296,-.046,.339,.94);es="Linear";ed="In";};["Head"]={tm=.0160;cf=cfr(0,0,0,1,0,0,0,.819,-.573,0,.573,.819);es="Linear";ed="In";};["Right Leg"]={tm=.0160;cf=cfr(.685,.409,0,.871,.491,0,-.491,.871,0,0,0,1);es="Linear";ed="In";};["Left Arm"]={tm=.0160;cf=cfr(-.266,-.153,-.1,.922,.348,-.171,-.385,.874,-.296,.046,.339,.94);es="Linear";ed="In";};};{tm=.883;["Torso"]={tm=.0170;cf=cfr(0,0,-1.473,1,0,0,0,.923,-.386,0,.386,.923);es="Linear";ed="In";};["Left Leg"]={tm=.0170;cf=cfr(-.683,.412,0,.873,-.488,0,.488,.873,0,0,0,1);es="Linear";ed="In";};["Right Arm"]={tm=.0170;cf=cfr(.264,-.151,-.1,.921,-.35,.171,.387,.873,-.296,-.046,.339,.94);es="Linear";ed="In";};["Head"]={tm=.0170;cf=cfr(0,0,0,1,0,0,0,.823,-.568,0,.568,.823);es="Linear";ed="In";};["Right Leg"]={tm=.0170;cf=cfr(.683,.412,0,.873,.488,0,-.488,.873,0,0,0,1);es="Linear";ed="In";};["Left Arm"]={tm=.0170;cf=cfr(-.264,-.151,-.1,.921,.35,-.171,-.387,.873,-.296,.046,.339,.94);es="Linear";ed="In";};};{tm=.9;["Torso"]={tm=.0170;cf=cfr(0,0,-1.468,1,0,0,0,.923,-.384,0,.384,.923);es="Linear";ed="In";};["Left Leg"]={tm=.0170;cf=cfr(-.682,.416,0,.875,-.485,0,.485,.875,0,0,0,1);es="Linear";ed="In";};["Right Arm"]={tm=.0170;cf=cfr(.262,-.149,-.1,.921,-.351,.171,.388,.873,-.296,-.045,.339,.94);es="Linear";ed="In";};["Head"]={tm=.0170;cf=cfr(0,0,0,1,0,0,0,.827,-.562,0,.562,.827);es="Linear";ed="In";};["Right Leg"]={tm=.0170;cf=cfr(.682,.416,0,.875,.485,0,-.485,.875,0,0,0,1);es="Linear";ed="In";};["Left Arm"]={tm=.0170;cf=cfr(-.262,-.149,-.1,.921,.351,-.171,-.388,.873,-.296,.045,.339,.94);es="Linear";ed="In";};};{tm=.917;["Torso"]={tm=.0160;cf=cfr(0,0,-1.462,1,0,0,0,.924,-.383,0,.383,.924);es="Linear";ed="In";};["Left Leg"]={tm=.0160;cf=cfr(-.68,.42,0,.876,-.482,0,.482,.876,0,0,0,1);es="Linear";ed="In";};["Right Arm"]={tm=.0160;cf=cfr(.26,-.147,-.1,.92,-.352,.171,.389,.872,-.296,-.045,.339,.94);es="Linear";ed="In";};["Head"]={tm=.0160;cf=cfr(0,0,0,1,0,0,0,.831,-.557,0,.557,.831);es="Linear";ed="In";};["Right Leg"]={tm=.0160;cf=cfr(.68,.42,0,.876,.482,0,-.482,.876,0,0,0,1);es="Linear";ed="In";};["Left Arm"]={tm=.0160;cf=cfr(-.26,-.147,-.1,.92,.352,-.171,-.389,.872,-.296,.045,.339,.94);es="Linear";ed="In";};};{tm=.933;["Torso"]={tm=.0169;cf=cfr(0,0,-1.457,1,0,0,0,.924,-.382,0,.382,.924);es="Linear";ed="In";};["Left Leg"]={tm=.0169;cf=cfr(-.678,.424,0,.878,-.478,0,.478,.878,0,0,0,1);es="Linear";ed="In";};["Right Arm"]={tm=.0169;cf=cfr(.258,-.145,-.1,.92,-.354,.171,.391,.872,-.296,-.044,.339,.94);es="Linear";ed="In";};["Head"]={tm=.0169;cf=cfr(0,0,0,1,0,0,0,.834,-.551,0,.551,.834);es="Linear";ed="In";};["Right Leg"]={tm=.0169;cf=cfr(.678,.424,0,.878,.478,0,-.478,.878,0,0,0,1);es="Linear";ed="In";};["Left Arm"]={tm=.0169;cf=cfr(-.258,-.145,-.1,.92,.354,-.171,-.391,.872,-.296,.044,.339,.94);es="Linear";ed="In";};};{tm=.95;["Torso"]={tm=.0170;cf=cfr(0,0,-1.452,1,0,0,0,.925,-.38,0,.38,.925);es="Linear";ed="In";};["Left Leg"]={tm=.0170;cf=cfr(-.676,.428,0,.88,-.475,0,.475,.88,0,0,0,1);es="Linear";ed="In";};["Right Arm"]={tm=.0170;cf=cfr(.256,-.143,-.1,.919,-.355,.171,.392,.871,-.296,-.044,.339,.94);es="Linear";ed="In";};["Head"]={tm=.0170;cf=cfr(0,0,0,1,0,0,0,.838,-.545,0,.545,.838);es="Linear";ed="In";};["Right Leg"]={tm=.0170;cf=cfr(.676,.428,0,.88,.475,0,-.475,.88,0,0,0,1);es="Linear";ed="In";};["Left Arm"]={tm=.0170;cf=cfr(-.256,-.143,-.1,.919,.355,-.171,-.392,.871,-.296,.044,.339,.94);es="Linear";ed="In";};};{tm=.967;["Torso"]={tm=.0160;cf=cfr(0,0,-1.446,1,0,0,0,.926,-.379,0,.379,.926);es="Linear";ed="In";};["Left Leg"]={tm=.0160;cf=cfr(-.674,.432,0,.882,-.472,0,.472,.882,0,0,0,1);es="Linear";ed="In";};["Right Arm"]={tm=.0160;cf=cfr(.254,-.141,-.1,.918,-.357,.171,.393,.87,-.296,-.043,.339,.94);es="Linear";ed="In";};["Head"]={tm=.0160;cf=cfr(0,0,0,1,0,0,0,.842,-.539,0,.539,.842);es="Linear";ed="In";};["Right Leg"]={tm=.0160;cf=cfr(.674,.432,0,.882,.472,0,-.472,.882,0,0,0,1);es="Linear";ed="In";};["Left Arm"]={tm=.0160;cf=cfr(-.254,-.141,-.1,.918,.357,-.171,-.393,.87,-.296,.043,.339,.94);es="Linear";ed="In";};};{tm=.983;["Torso"]={tm=.0170;cf=cfr(0,0,-1.441,1,0,0,0,.926,-.377,0,.377,.926);es="Linear";ed="In";};["Left Leg"]={tm=.0170;cf=cfr(-.672,.436,0,.884,-.468,0,.468,.884,0,0,0,1);es="Linear";ed="In";};["Right Arm"]={tm=.0170;cf=cfr(.252,-.139,-.1,.918,-.358,.171,.395,.87,-.296,-.043,.339,.94);es="Linear";ed="In";};["Head"]={tm=.0170;cf=cfr(0,0,0,1,0,0,0,.846,-.533,0,.533,.846);es="Linear";ed="In";};["Right Leg"]={tm=.0170;cf=cfr(.672,.436,0,.884,.468,0,-.468,.884,0,0,0,1);es="Linear";ed="In";};["Left Arm"]={tm=.0170;cf=cfr(-.252,-.139,-.1,.918,.358,-.171,-.395,.87,-.296,.043,.339,.94);es="Linear";ed="In";};};{tm=1;["Torso"]={tm=.0169;cf=cfr(0,0,-1.435,1,0,0,0,.927,-.376,0,.376,.927);es="Linear";ed="In";};["Left Leg"]={tm=.0169;cf=cfr(-.67,.44,0,.886,-.464,0,.464,.886,0,0,0,1);es="Linear";ed="In";};["Right Arm"]={tm=.0169;cf=cfr(.25,-.136,-.1,.917,-.36,.171,.396,.869,-.296,-.042,.339,.94);es="Linear";ed="In";};["Head"]={tm=.0169;cf=cfr(0,0,0,1,0,0,0,.85,-.527,0,.527,.85);es="Linear";ed="In";};["Right Leg"]={tm=.0169;cf=cfr(.67,.44,0,.886,.464,0,-.464,.886,0,0,0,1);es="Linear";ed="In";};["Left Arm"]={tm=.0169;cf=cfr(-.25,-.136,-.1,.917,.36,-.171,-.396,.869,-.296,.042,.339,.94);es="Linear";ed="In";};};{tm=1.017;["Torso"]={tm=.0160;cf=cfr(0,0,-1.429,1,0,0,0,.927,-.374,0,.374,.927);es="Linear";ed="In";};["Left Leg"]={tm=.0160;cf=cfr(-.668,.445,0,.887,-.461,0,.461,.887,0,0,0,1);es="Linear";ed="In";};["Right Arm"]={tm=.0160;cf=cfr(.248,-.134,-.1,.917,-.361,.171,.397,.869,-.296,-.042,.339,.94);es="Linear";ed="In";};["Head"]={tm=.0160;cf=cfr(0,0,0,1,0,0,0,.854,-.521,0,.521,.854);es="Linear";ed="In";};["Right Leg"]={tm=.0160;cf=cfr(.668,.445,0,.887,.461,0,-.461,.887,0,0,0,1);es="Linear";ed="In";};["Left Arm"]={tm=.0160;cf=cfr(-.248,-.134,-.1,.917,.361,-.171,-.397,.869,-.296,.042,.339,.94);es="Linear";ed="In";};};{tm=1.033;["Torso"]={tm=.0170;cf=cfr(0,0,-1.423,1,0,0,0,.928,-.373,0,.373,.928);es="Linear";ed="In";};["Left Leg"]={tm=.0170;cf=cfr(-.666,.449,0,.889,-.457,0,.457,.889,0,0,0,1);es="Linear";ed="In";};["Right Arm"]={tm=.0170;cf=cfr(.246,-.132,-.1,.916,-.363,.171,.399,.868,-.296,-.041,.34,.94);es="Linear";ed="In";};["Head"]={tm=.0170;cf=cfr(0,0,0,1,0,0,0,.857,-.515,0,.515,.857);es="Linear";ed="In";};["Right Leg"]={tm=.0170;cf=cfr(.666,.449,0,.889,.457,0,-.457,.889,0,0,0,1);es="Linear";ed="In";};["Left Arm"]={tm=.0170;cf=cfr(-.246,-.132,-.1,.916,.363,-.171,-.399,.868,-.296,.041,.34,.94);es="Linear";ed="In";};};{tm=1.05;["Torso"]={tm=.0169;cf=cfr(0,0,-1.417,1,0,0,0,.929,-.371,0,.371,.929);es="Linear";ed="In";};["Left Leg"]={tm=.0169;cf=cfr(-.664,.453,0,.891,-.454,0,.454,.891,0,0,0,1);es="Linear";ed="In";};["Right Arm"]={tm=.0169;cf=cfr(.244,-.13,-.1,.915,-.364,.171,.4,.867,-.296,-.04,.34,.94);es="Linear";ed="In";};["Head"]={tm=.0169;cf=cfr(0,0,0,1,0,0,0,.861,-.508,0,.508,.861);es="Linear";ed="In";};["Right Leg"]={tm=.0169;cf=cfr(.664,.453,0,.891,.454,0,-.454,.891,0,0,0,1);es="Linear";ed="In";};["Left Arm"]={tm=.0169;cf=cfr(-.244,-.13,-.1,.915,.364,-.171,-.4,.867,-.296,.04,.34,.94);es="Linear";ed="In";};};{tm=1.067;["Torso"]={tm=.0160;cf=cfr(0,0,-1.411,1,0,0,0,.929,-.37,0,.37,.929);es="Linear";ed="In";};["Left Leg"]={tm=.0160;cf=cfr(-.662,.458,0,.893,-.45,0,.45,.893,0,0,0,1);es="Linear";ed="In";};["Right Arm"]={tm=.0160;cf=cfr(.242,-.128,-.1,.915,-.366,.171,.402,.867,-.296,-.04,.34,.94);es="Linear";ed="In";};["Head"]={tm=.0160;cf=cfr(0,0,0,1,0,0,0,.865,-.502,0,.502,.865);es="Linear";ed="In";};["Right Leg"]={tm=.0160;cf=cfr(.662,.458,0,.893,.45,0,-.45,.893,0,0,0,1);es="Linear";ed="In";};["Left Arm"]={tm=.0160;cf=cfr(-.242,-.128,-.1,.915,.366,-.171,-.402,.867,-.296,.04,.34,.94);es="Linear";ed="In";};};{tm=1.083;["Torso"]={tm=.0170;cf=cfr(0,0,-1.405,1,0,0,0,.93,-.368,0,.368,.93);es="Linear";ed="In";};["Left Leg"]={tm=.0170;cf=cfr(-.66,.462,0,.895,-.446,0,.446,.895,0,0,0,1);es="Linear";ed="In";};["Right Arm"]={tm=.0170;cf=cfr(.24,-.126,-.1,.914,-.367,.171,.403,.86