-- // converted using mech's animoduler
local cfr = CFrame.new

return {{tm=0;["Right Arm"]={tm=.017;cf=cfr(.905,-1.323,-.495,-1,0,0,0,.174,.985,0,.985,-.174);es="Sine";ed="InOut";};["Sword"]={tm=.017;cf=cfr(0,0,0,0,-1,0,1,0,0,0,0,1);es="Sine";ed="InOut";};};{tm=.017;["Right Arm"]={tm=.016;cf=cfr(.905,-1.323,-.495,-1,-.026,0,-.004,.174,.985,-.025,.984,-.174);es="Linear";ed="In";};["Sword"]={tm=.016;cf=cfr(-.008,.003,.015,0,-1,.019,1,0,0,0,.019,1);es="Linear";ed="In";};};{tm=.033;["Right Arm"]={tm=.017;cf=cfr(.905,-1.323,-.495,-.995,-.1,0,-.017,.173,.985,-.098,.98,-.174);es="Linear";ed="In";};["Sword"]={tm=.017;cf=cfr(-.033,.012,.057,0,-.997,.075,1,0,0,0,.075,.997);es="Linear";ed="In";};};{tm=.05;["Right Arm"]={tm=.017;cf=cfr(.905,-1.323,-.495,-.977,-.214,0,-.037,.17,.985,-.211,.962,-.174);es="Linear";ed="In";};["Sword"]={tm=.017;cf=cfr(-.071,.025,.123,0,-.987,.161,1,0,0,0,.161,.987);es="Linear";ed="In";};};{tm=.067;["Right Arm"]={tm=.016;cf=cfr(.905,-1.323,-.495,-.935,-.354,0,-.061,.162,.985,-.349,.921,-.174);es="Linear";ed="In";};["Sword"]={tm=.016;cf=cfr(-.119,.042,.206,0,-.963,.268,1,0,0,0,.268,.963);es="Linear";ed="In";};};{tm=.083;["Right Arm"]={tm=.017;cf=cfr(.905,-1.323,-.495,-.866,-.5,0,-.087,.15,.985,-.492,.853,-.174);es="Linear";ed="In";};["Sword"]={tm=.017;cf=cfr(-.172,.061,.299,0,-.924,.383,1,0,0,0,.383,.924);es="Linear";ed="In";};};{tm=.1;["Right Arm"]={tm=.017;cf=cfr(.905,-1.323,-.495,-.774,-.633,0,-.11,.134,.985,-.623,.762,-.174);es="Linear";ed="In";};["Sword"]={tm=.017;cf=cfr(-.226,.08,.391,0,-.871,.492,1,0,0,0,.492,.871);es="Linear";ed="In";};};{tm=.117;["Right Arm"]={tm=.016;cf=cfr(.905,-1.323,-.495,-.674,-.739,0,-.128,.117,.985,-.728,.664,-.174);es="Linear";ed="In";};["Sword"]={tm=.016;cf=cfr(-.274,.097,.474,0,-.812,.584,1,0,0,0,.584,.812);es="Linear";ed="In";};};{tm=.133;["Right Arm"]={tm=.0169;cf=cfr(.905,-1.323,-.495,-.584,-.812,0,-.141,.101,.985,-.799,.575,-.174);es="Linear";ed="In";};["Sword"]={tm=.0169;cf=cfr(-.312,.11,.54,0,-.758,.652,1,0,0,0,.652,.758);es="Linear";ed="In";};};{tm=.15;["Right Arm"]={tm=.0170;cf=cfr(.905,-1.323,-.495,-.522,-.853,0,-.148,.091,.985,-.84,.514,-.174);es="Linear";ed="In";};["Sword"]={tm=.0170;cf=cfr(-.336,.119,.582,0,-.721,.693,1,0,0,0,.693,.721);es="Linear";ed="In";};};{tm=.167;["Right Arm"]={tm=.0159;cf=cfr(.905,-1.323,-.495,-.5,-.866,0,-.15,.087,.985,-.853,.492,-.174);es="Sine";ed="InOut";};["Sword"]={tm=.0159;cf=cfr(-.345,.122,.597,0,-.707,.707,1,0,0,0,.707,.707);es="Sine";ed="InOut";};};{tm=.183;["Right Arm"]={tm=.0170;cf=cfr(.9,-1.319,-.492,-.498,-.867,.005,-.141,.087,.986,-.856,.49,-.166);es="Linear";ed="In";};["Sword"]={tm=.0170;cf=cfr(-.339,.12,.588,.016,-.712,.702,1,-.005,-.029,.024,.702,.711);es="Linear";ed="In";};};{tm=.2;["Right Arm"]={tm=.0169;cf=cfr(.886,-1.306,-.484,-.492,-.87,.021,-.113,.088,.99,-.863,.484,-.141);es="Linear";ed="In";};["Sword"]={tm=.0169;cf=cfr(-.324,.114,.562,.062,-.725,.686,.994,-.018,-.11,.092,.688,.72);es="Linear";ed="In";};};{tm=.217;["Right Arm"]={tm=.0160;cf=cfr(.862,-1.285,-.472,-.481,-.876,.047,-.066,.09,.994,-.874,.475,-.101);es="Linear";ed="In";};["Sword"]={tm=.0160;cf=cfr(-.302,.107,.523,.128,-.746,.654,.972,-.035,-.231,.195,.665,.721);es="Linear";ed="In";};};{tm=.233;["Right Arm"]={tm=.0169;cf=cfr(.83,-1.256,-.455,-.464,-.882,.082,-.002,.094,.996,-.886,.461,-.045);es="Linear";ed="In";};["Sword"]={tm=.0169;cf=cfr(-.276,.097,.478,.199,-.771,.605,.928,-.05,-.369,.315,.635,.705);es="Linear";ed="In";};};{tm=.25;["Right Arm"]={tm=.0170;cf=cfr(.791,-1.221,-.434,-.439,-.89,.123,.077,.099,.992,-.895,.445,.025);es="Linear";ed="In";};["Sword"]={tm=.0170;cf=cfr(-.249,.088,.432,.261,-.796,.547,.864,-.059,-.499,.43,.603,.672);es="Linear";ed="In";};};{tm=.267;["Right Arm"]={tm=.0159;cf=cfr(.744,-1.179,-.409,-.406,-.898,.169,.169,.108,.98,-.898,.426,.108);es="Linear";ed="In";};["Sword"]={tm=.0159;cf=cfr(-.227,.08,.393,.307,-.816,.49,.796,-.062,-.602,.522,.574,.63);es="Linear";ed="In";};};{tm=.283;["Right Arm"]={tm=.0170;cf=cfr(.692,-1.132,-.381,-.363,-.906,.216,.269,.119,.956,-.892,.405,.201);es="Linear";ed="In";};["Sword"]={tm=.0170;cf=cfr(-.212,.075,.367,.333,-.83,.448,.743,-.062,-.666,.58,.555,.596);es="Linear";ed="In";};};{tm=.3;["Right Arm"]={tm=.0170;cf=cfr(.635,-1.081,-.351,-.312,-.914,.261,.375,.134,.917,-.873,.384,.3);es="Linear";ed="In";};["Sword"]={tm=.0170;cf=cfr(-.207,.073,.358,.341,-.834,.433,.724,-.061,-.687,.6,.548,.583);es="Sine";ed="InOut";};};{tm=.317;["Right Arm"]={tm=.0160;cf=cfr(.576,-1.028,-.32,-.252,-.919,.302,.479,.153,.864,-.841,.363,.402);es="Linear";ed="In";};["Sword"]={tm=.0160;cf=cfr(-.203,.072,.352,.358,-.834,.42,.726,-.034,-.687,.587,.551,.594);es="Linear";ed="In";};};{tm=.333;["Right Arm"]={tm=.0169;cf=cfr(.515,-.973,-.287,-.186,-.923,.337,.579,.174,.797,-.794,.343,.502);es="Linear";ed="In";};["Sword"]={tm=.0169;cf=cfr(-.193,.068,.334,.409,-.83,.38,.731,.048,-.681,.547,.556,.626);es="Linear";ed="In";};};{tm=.35;["Right Arm"]={tm=.0170;cf=cfr(.454,-.918,-.255,-.116,-.925,.363,.668,.198,.717,-.735,.326,.595);es="Linear";ed="In";};["Sword"]={tm=.0170;cf=cfr(-.177,.062,.306,.489,-.812,.319,.726,.176,-.664,.483,.556,.676);es="Linear";ed="In";};};{tm=.367;["Right Arm"]={tm=.0160;cf=cfr(.394,-.865,-.223,-.045,-.924,.38,.744,.222,.63,-.666,.311,.678);es="Linear";ed="In";};["Sword"]={tm=.0160;cf=cfr(-.155,.055,.269,.59,-.77,.243,.701,.339,-.627,.4,.54,.74);es="Linear";ed="In";};};{tm=.383;["Right Arm"]={tm=.0170;cf=cfr(.338,-.814,-.193,.023,-.922,.388,.806,.247,.538,-.592,.3,.748);es="Linear";ed="In";};["Sword"]={tm=.0170;cf=cfr(-.13,.046,.225,.7,-.695,.164,.645,.517,-.563,.307,.5,.81);es="Linear";ed="In";};};{tm=.4;["Right Arm"]={tm=.0169;cf=cfr(.286,-.768,-.166,.087,-.918,.388,.852,.27,.448,-.516,.292,.806);es="Linear";ed="In";};["Sword"]={tm=.0169;cf=cfr(-.103,.036,.179,.804,-.587,.093,.554,.685,-.473,.215,.432,.876);es="Linear";ed="In";};};{tm=.417;["Right Arm"]={tm=.0160;cf=cfr(.239,-.726,-.141,.143,-.913,.382,.885,.291,.363,-.443,.286,.85);es="Linear";ed="In";};["Sword"]={tm=.0160;cf=cfr(-.077,.027,.133,.89,-.455,.039,.436,.822,-.365,.134,.342,.93);es="Linear";ed="In";};};{tm=.433;["Right Arm"]={tm=.0170;cf=cfr(.199,-.69,-.12,.191,-.908,.373,.906,.309,.289,-.378,.283,.882);es="Linear";ed="In";};["Sword"]={tm=.0170;cf=cfr(-.052,.018,.09,.949,-.315,.007,.307,.918,-.252,.073,.241,.968);es="Linear";ed="In";};};{tm=.45;["Right Arm"]={tm=.0170;cf=cfr(.167,-.662,-.103,.229,-.903,.363,.918,.324,.228,-.323,.281,.903);es="Linear";ed="In";};["Sword"]={tm=.0170;cf=cfr(-.03,.011,.052,.982,-.187,-.006,.184,.972,-.149,.034,.145,.989);es="Linear";ed="In";};};{tm=.467;["Right Arm"]={tm=.0159;cf=cfr(.144,-.64,-.09,.256,-.9,.354,.925,.335,.183,-.283,.281,.917);es="Linear";ed="In";};["Sword"]={tm=.0159;cf=cfr(-.014,.005,.024,.996,-.086,-.006,.085,.994,-.068,.012,.067,.998);es="Linear";ed="In";};};{tm=.483;["Right Arm"]={tm=.0170;cf=cfr(.13,-.628,-.083,.272,-.897,.348,.927,.341,.155,-.258,.281,.925);es="Linear";ed="In";};["Sword"]={tm=.0170;cf=cfr(-.004,.001,.006,1,-.022,-.002,.022,1,-.017,.003,.017,1);es="Linear";ed="In";};};{tm=.5;["Right Arm"]={tm=0;cf=cfr(.125,-.623,-.08,.277,-.896,.346,.928,.343,.146,-.249,.281,.927);es="Sine";ed="InOut";};["Sword"]={tm=0;cf=cfr(0,0,0,1,0,0,0,1,0,0,0,1);es="Sine";ed="InOut";};};}
