-- // converted using mech's animoduler
local cfr = CFrame.new

return {{tm=0;["Torso"]={tm=.017;cf=cfr(0,0,0,1,0,0,0,1,0,0,0,1);es="Sine";ed="InOut";};["Head"]={tm=.017;cf=cfr(0,0,0,1,0,0,0,1,0,0,0,1);es="Sine";ed="InOut";};["Right Arm"]={tm=.017;cf=cfr(0,-.3,.4,-.019,-.863,.506,.571,.406,.714,-.821,.302,.485);es="Sine";ed="InOut";};};{tm=.017;["Torso"]={tm=.016;cf=cfr(0,0,0,1,.006,0,-.006,1,0,0,0,1);es="Linear";ed="In";};["Head"]={tm=.016;cf=cfr(0,0,0,1,-.004,0,.004,1,0,0,0,1);es="Linear";ed="In";};["Right Arm"]={tm=.016;cf=cfr(-.02,-.305,.395,.019,-.858,.513,.56,.434,.705,-.828,.274,.489);es="Linear";ed="In";};};{tm=.033;["Torso"]={tm=.017;cf=cfr(0,0,0,1,.025,0,-.025,1,0,0,0,1);es="Linear";ed="In";};["Head"]={tm=.017;cf=cfr(0,0,0,1,-.017,0,.017,1,0,0,0,1);es="Linear";ed="In";};["Right Arm"]={tm=.017;cf=cfr(-.079,-.319,.382,.13,-.836,.533,.521,.515,.681,-.843,.19,.503);es="Linear";ed="In";};};{tm=.05;["Torso"]={tm=.017;cf=cfr(0,0,0,.999,.054,0,-.054,.999,0,0,0,1);es="Linear";ed="In";};["Head"]={tm=.017;cf=cfr(0,0,0,.999,-.036,0,.036,.999,0,0,0,1);es="Linear";ed="In";};["Right Arm"]={tm=.017;cf=cfr(-.17,-.341,.362,.295,-.776,.558,.442,.628,.64,-.847,.058,.529);es="Linear";ed="In";};};{tm=.067;["Torso"]={tm=.016;cf=cfr(0,0,0,.996,.09,0,-.09,.996,0,0,0,1);es="Linear";ed="In";};["Head"]={tm=.016;cf=cfr(0,0,0,.998,-.06,0,.06,.998,0,0,0,1);es="Linear";ed="In";};["Right Arm"]={tm=.016;cf=cfr(-.285,-.369,.336,.485,-.658,.576,.314,.746,.588,-.816,-.104,.568);es="Linear";ed="In";};};{tm=.083;["Torso"]={tm=.017;cf=cfr(0,0,0,.991,.131,0,-.131,.991,0,0,0,1);es="Linear";ed="In";};["Head"]={tm=.017;cf=cfr(0,0,0,.996,-.087,0,.087,.996,0,0,0,1);es="Linear";ed="In";};["Right Arm"]={tm=.017;cf=cfr(-.412,-.4,.307,.659,-.481,.578,.143,.835,.532,-.739,-.268,.619);es="Linear";ed="In";};};{tm=.1;["Torso"]={tm=.017;cf=cfr(0,0,0,.985,.171,0,-.171,.985,0,0,0,1);es="Linear";ed="In";};["Head"]={tm=.017;cf=cfr(0,0,0,.993,-.114,0,.114,.993,0,0,0,1);es="Linear";ed="In";};["Right Arm"]={tm=.017;cf=cfr(-.54,-.431,.278,.783,-.266,.562,-.048,.875,.481,-.62,-.404,.673);es="Linear";ed="In";};};{tm=.117;["Torso"]={tm=.016;cf=cfr(0,0,0,.978,.206,0,-.206,.978,0,0,0,1);es="Linear";ed="In";};["Head"]={tm=.016;cf=cfr(0,0,0,.99,-.138,0,.138,.99,0,0,0,1);es="Linear";ed="In";};["Right Arm"]={tm=.016;cf=cfr(-.655,-.459,.252,.845,-.053,.533,-.225,.868,.443,-.486,-.494,.721);es="Linear";ed="In";};};{tm=.133;["Torso"]={tm=.0169;cf=cfr(0,0,0,.972,.235,0,-.235,.972,0,0,0,1);es="Linear";ed="In";};["Head"]={tm=.0169;cf=cfr(0,0,0,.988,-.157,0,.157,.988,0,0,0,1);es="Linear";ed="In";};["Right Arm"]={tm=.0169;cf=cfr(-.746,-.481,.232,.857,.121,.5,-.363,.832,.42,-.365,-.542,.757);es="Linear";ed="In";};};{tm=.15;["Torso"]={tm=.0170;cf=cfr(0,0,0,.968,.253,0,-.253,.968,0,0,0,1);es="Linear";ed="In";};["Head"]={tm=.0170;cf=cfr(0,0,0,.986,-.169,0,.169,.986,0,0,0,1);es="Linear";ed="In";};["Right Arm"]={tm=.0170;cf=cfr(-.804,-.495,.218,.848,.233,.475,-.447,.795,.409,-.283,-.559,.779);es="Linear";ed="In";};};{tm=.167;["Torso"]={tm=0;cf=cfr(0,0,0,.966,.259,0,-.259,.966,0,0,0,1);es="Sine";ed="InOut";};["Head"]={tm=0;cf=cfr(0,0,0,.985,-.174,0,.174,.985,0,0,0,1);es="Sine";ed="InOut";};["Right Arm"]={tm=0;cf=cfr(-.825,-.5,.214,.842,.271,.466,-.475,.781,.406,-.254,-.563,.786);es="Sine";ed="InOut";};};}
