-- // converted using mech's animoduler
local cfr = CFrame.new

return {{tm=0;["Torso"]={tm=.017;cf=cfr(0,0,0,1,0,0,0,1,0,0,0,1);es="Sine";ed="InOut";};["Head"]={tm=.017;cf=cfr(0,0,0,1,0,0,0,1,0,0,0,1);es="Sine";ed="InOut";};["Left Arm"]={tm=.017;cf=cfr(0,0,0,1,0,0,0,1,0,0,0,1);es="Sine";ed="InOut";};};{tm=.017;["Torso"]={tm=.016;cf=cfr(0,0,0,1,-.001,0,.001,1,0,0,0,1);es="Linear";ed="In";};["Head"]={tm=.016;cf=cfr(0,0,0,1,.001,0,-.001,1,0,0,0,1);es="Linear";ed="In";};["Left Arm"]={tm=.016;cf=cfr(.002,.001,.001,1,.005,0,-.005,1,0,0,0,1);es="Linear";ed="In";};};{tm=.033;["Torso"]={tm=.017;cf=cfr(0,0,0,1,-.006,0,.006,1,0,0,0,1);es="Linear";ed="In";};["Head"]={tm=.017;cf=cfr(0,0,0,1,.006,0,-.006,1,0,0,0,1);es="Linear";ed="In";};["Left Arm"]={tm=.017;cf=cfr(.008,.002,.004,1,.021,0,-.021,1,0,0,0,1);es="Linear";ed="In";};};{tm=.05;["Torso"]={tm=.017;cf=cfr(0,0,0,1,-.013,0,.013,1,0,0,0,1);es="Linear";ed="In";};["Head"]={tm=.017;cf=cfr(0,0,0,1,.013,0,-.013,1,0,0,0,1);es="Linear";ed="In";};["Left Arm"]={tm=.017;cf=cfr(.017,.005,.01,.999,.047,0,-.047,.999,0,0,0,1);es="Linear";ed="In";};};{tm=.067;["Torso"]={tm=.016;cf=cfr(0,0,0,1,-.023,0,.023,1,0,0,0,1);es="Linear";ed="In";};["Head"]={tm=.016;cf=cfr(0,0,0,1,.023,0,-.023,1,0,0,0,1);es="Linear";ed="In";};["Left Arm"]={tm=.016;cf=cfr(.03,.009,.017,.997,.083,0,-.083,.997,0,0,0,1);es="Linear";ed="In";};};{tm=.083;["Torso"]={tm=.017;cf=cfr(0,0,0,.999,-.035,0,.035,.999,0,0,0,1);es="Linear";ed="In";};["Head"]={tm=.017;cf=cfr(0,0,0,.999,.035,0,-.035,.999,0,0,0,1);es="Linear";ed="In";};["Left Arm"]={tm=.017;cf=cfr(.046,.013,.027,.992,.128,0,-.128,.992,0,0,0,1);es="Linear";ed="In";};};{tm=.1;["Torso"]={tm=.017;cf=cfr(0,0,0,.999,-.05,0,.05,.999,0,0,0,1);es="Linear";ed="In";};["Head"]={tm=.017;cf=cfr(0,0,0,.999,.05,0,-.05,.999,0,0,0,1);es="Linear";ed="In";};["Left Arm"]={tm=.017;cf=cfr(.066,.019,.038,.983,.182,0,-.182,.983,0,0,0,1);es="Linear";ed="In";};};{tm=.117;["Torso"]={tm=.016;cf=cfr(0,0,0,.998,-.067,0,.067,.998,0,0,0,1);es="Linear";ed="In";};["Head"]={tm=.016;cf=cfr(0,0,0,.998,.067,0,-.067,.998,0,0,0,1);es="Linear";ed="In";};["Left Arm"]={tm=.016;cf=cfr(.089,.026,.051,.97,.244,0,-.244,.97,0,0,0,1);es="Linear";ed="In";};};{tm=.133;["Torso"]={tm=.0169;cf=cfr(0,0,0,.996,-.087,0,.087,.996,0,0,0,1);es="Linear";ed="In";};["Head"]={tm=.0169;cf=cfr(0,0,0,.996,.087,0,-.087,.996,0,0,0,1);es="Linear";ed="In";};["Left Arm"]={tm=.0169;cf=cfr(.115,.033,.066,.95,.312,0,-.312,.95,0,0,0,1);es="Linear";ed="In";};};{tm=.15;["Torso"]={tm=.0170;cf=cfr(0,0,0,.994,-.108,0,.108,.994,0,0,0,1);es="Linear";ed="In";};["Head"]={tm=.0170;cf=cfr(0,0,0,.994,.108,0,-.108,.994,0,0,0,1);es="Linear";ed="In";};["Left Arm"]={tm=.0170;cf=cfr(.143,.041,.082,.923,.385,0,-.385,.923,0,0,0,1);es="Linear";ed="In";};};{tm=.167;["Torso"]={tm=.0159;cf=cfr(0,0,0,.991,-.131,0,.131,.991,0,0,0,1);es="Linear";ed="In";};["Head"]={tm=.0159;cf=cfr(0,0,0,.991,.131,0,-.131,.991,0,0,0,1);es="Linear";ed="In";};["Left Arm"]={tm=.0159;cf=cfr(.173,.05,.1,.887,.462,0,-.462,.887,0,0,0,1);es="Linear";ed="In";};};{tm=.183;["Torso"]={tm=.0170;cf=cfr(0,0,0,.988,-.155,0,.155,.988,0,0,0,1);es="Linear";ed="In";};["Head"]={tm=.0170;cf=cfr(0,0,0,.988,.155,0,-.155,.988,0,0,0,1);es="Linear";ed="In";};["Left Arm"]={tm=.0170;cf=cfr(.206,.059,.119,.842,.539,0,-.539,.842,0,0,0,1);es="Linear";ed="In";};};{tm=.2;["Torso"]={tm=.0169;cf=cfr(0,0,0,.984,-.18,0,.18,.984,0,0,0,1);es="Linear";ed="In";};["Head"]={tm=.0169;cf=cfr(0,0,0,.984,.18,0,-.18,.984,0,0,0,1);es="Linear";ed="In";};["Left Arm"]={tm=.0169;cf=cfr(.239,.069,.138,.788,.616,0,-.616,.788,0,0,0,1);es="Linear";ed="In";};};{tm=.217;["Torso"]={tm=.0160;cf=cfr(0,0,0,.979,-.206,0,.206,.979,0,0,0,1);es="Linear";ed="In";};["Head"]={tm=.0160;cf=cfr(0,0,0,.979,.206,0,-.206,.979,0,0,0,1);es="Linear";ed="In";};["Left Arm"]={tm=.0160;cf=cfr(.274,.079,.158,.725,.689,0,-.689,.725,0,0,0,1);es="Linear";ed="In";};};{tm=.233;["Torso"]={tm=.0169;cf=cfr(0,0,0,.973,-.232,0,.232,.973,0,0,0,1);es="Linear";ed="In";};["Head"]={tm=.0169;cf=cfr(0,0,0,.973,.232,0,-.232,.973,0,0,0,1);es="Linear";ed="In";};["Left Arm"]={tm=.0169;cf=cfr(.31,.09,.179,.653,.758,0,-.758,.653,0,0,0,1);es="Linear";ed="In";};};{tm=.25;["Torso"]={tm=.0170;cf=cfr(0,0,0,.966,-.259,0,.259,.966,0,0,0,1);es="Linear";ed="In";};["Head"]={tm=.0170;cf=cfr(0,0,0,.966,.259,0,-.259,.966,0,0,0,1);es="Linear";ed="In";};["Left Arm"]={tm=.0170;cf=cfr(.346,.1,.2,.574,.819,0,-.819,.574,0,0,0,1);es="Linear";ed="In";};};{tm=.267;["Torso"]={tm=.0159;cf=cfr(0,0,0,.958,-.285,0,.285,.958,0,0,0,1);es="Linear";ed="In";};["Head"]={tm=.0159;cf=cfr(0,0,0,.958,.285,0,-.285,.958,0,0,0,1);es="Linear";ed="In";};["Left Arm"]={tm=.0159;cf=cfr(.383,.11,.221,.489,.872,0,-.872,.489,0,0,0,1);es="Linear";ed="In";};};{tm=.283;["Torso"]={tm=.0170;cf=cfr(0,0,0,.95,-.311,0,.311,.95,0,0,0,1);es="Linear";ed="In";};["Head"]={tm=.0170;cf=cfr(0,0,0,.95,.311,0,-.311,.95,0,0,0,1);es="Linear";ed="In";};["Left Arm"]={tm=.0170;cf=cfr(.418,.121,.242,.4,.917,0,-.917,.4,0,0,0,1);es="Linear";ed="In";};};{tm=.3;["Torso"]={tm=.0170;cf=cfr(0,0,0,.942,-.336,0,.336,.942,0,0,0,1);es="Linear";ed="In";};["Head"]={tm=.0170;cf=cfr(0,0,0,.942,.336,0,-.336,.942,0,0,0,1);es="Linear";ed="In";};["Left Arm"]={tm=.0170;cf=cfr(.453,.131,.262,.309,.951,0,-.951,.309,0,0,0,1);es="Linear";ed="In";};};{tm=.317;["Torso"]={tm=.0160;cf=cfr(0,0,0,.933,-.36,0,.36,.933,0,0,0,1);es="Linear";ed="In";};["Head"]={tm=.0160;cf=cfr(0,0,0,.933,.36,0,-.36,.933,0,0,0,1);es="Linear";ed="In";};["Left Arm"]={tm=.0160;cf=cfr(.487,.141,.281,.219,.976,0,-.976,.219,0,0,0,1);es="Linear";ed="In";};};{tm=.333;["Torso"]={tm=.0169;cf=cfr(0,0,0,.924,-.383,0,.383,.924,0,0,0,1);es="Linear";ed="In";};["Head"]={tm=.0169;cf=cfr(0,0,0,.924,.383,0,-.383,.924,0,0,0,1);es="Linear";ed="In";};["Left Arm"]={tm=.0169;cf=cfr(.52,.15,.3,.131,.991,0,-.991,.131,0,0,0,1);es="Linear";ed="In";};};{tm=.35;["Torso"]={tm=.0170;cf=cfr(0,0,0,.915,-.404,0,.404,.915,0,0,0,1);es="Linear";ed="In";};["Head"]={tm=.0170;cf=cfr(0,0,0,.915,.404,0,-.404,.915,0,0,0,1);es="Linear";ed="In";};["Left Arm"]={tm=.0170;cf=cfr(.55,.159,.318,.047,.999,0,-.999,.047,0,0,0,1);es="Linear";ed="In";};};{tm=.367;["Torso"]={tm=.0160;cf=cfr(0,0,0,.906,-.423,0,.423,.906,0,0,0,1);es="Linear";ed="In";};["Head"]={tm=.0160;cf=cfr(0,0,0,.906,.423,0,-.423,.906,0,0,0,1);es="Linear";ed="In";};["Left Arm"]={tm=.0160;cf=cfr(.578,.167,.334,-.031,1,0,-1,-.031,0,0,0,1);es="Linear";ed="In";};};{tm=.383;["Torso"]={tm=.0170;cf=cfr(0,0,0,.898,-.441,0,.441,.898,0,0,0,1);es="Linear";ed="In";};["Head"]={tm=.0170;cf=cfr(0,0,0,.898,.441,0,-.441,.898,0,0,0,1);es="Linear";ed="In";};["Left Arm"]={tm=.0170;cf=cfr(.604,.174,.349,-.102,.995,0,-.995,-.102,0,0,0,1);es="Linear";ed="In";};};{tm=.4;["Torso"]={tm=.0169;cf=cfr(0,0,0,.89,-.456,0,.456,.89,0,0,0,1);es="Linear";ed="In";};["Head"]={tm=.0169;cf=cfr(0,0,0,.89,.456,0,-.456,.89,0,0,0,1);es="Linear";ed="In";};["Left Arm"]={tm=.0169;cf=cfr(.627,.181,.362,-.165,.986,0,-.986,-.165,0,0,0,1);es="Linear";ed="In";};};{tm=.417;["Torso"]={tm=.0160;cf=cfr(0,0,0,.883,-.469,0,.469,.883,0,0,0,1);es="Linear";ed="In";};["Head"]={tm=.0160;cf=cfr(0,0,0,.883,.469,0,-.469,.883,0,0,0,1);es="Linear";ed="In";};["Left Arm"]={tm=.0160;cf=cfr(.646,.187,.373,-.219,.976,0,-.976,-.219,0,0,0,1);es="Linear";ed="In";};};{tm=.433;["Torso"]={tm=.0170;cf=cfr(0,0,0,.877,-.48,0,.48,.877,0,0,0,1);es="Linear";ed="In";};["Head"]={tm=.0170;cf=cfr(0,0,0,.877,.48,0,-.48,.877,0,0,0,1);es="Linear";ed="In";};["Left Arm"]={tm=.0170;cf=cfr(.663,.191,.383,-.263,.965,0,-.965,-.263,0,0,0,1);es="Linear";ed="In";};};{tm=.45;["Torso"]={tm=.0170;cf=cfr(0,0,0,.872,-.489,0,.489,.872,0,0,0,1);es="Linear";ed="In";};["Head"]={tm=.0170;cf=cfr(0,0,0,.872,.489,0,-.489,.872,0,0,0,1);es="Linear";ed="In";};["Left Arm"]={tm=.0170;cf=cfr(.676,.195,.39,-.298,.955,0,-.955,-.298,0,0,0,1);es="Linear";ed="In";};};{tm=.467;["Torso"]={tm=.0159;cf=cfr(0,0,0,.869,-.495,0,.495,.869,0,0,0,1);es="Linear";ed="In";};["Head"]={tm=.0159;cf=cfr(0,0,0,.869,.495,0,-.495,.869,0,0,0,1);es="Linear";ed="In";};["Left Arm"]={tm=.0159;cf=cfr(.685,.198,.396,-.322,.947,0,-.947,-.322,0,0,0,1);es="Linear";ed="In";};};{tm=.483;["Torso"]={tm=.0170;cf=cfr(0,0,0,.867,-.499,0,.499,.867,0,0,0,1);es="Linear";ed="In";};["Head"]={tm=.0170;cf=cfr(0,0,0,.867,.499,0,-.499,.867,0,0,0,1);es="Linear";ed="In";};["Left Arm"]={tm=.0170;cf=cfr(.691,.199,.399,-.337,.941,0,-.941,-.337,0,0,0,1);es="Linear";ed="In";};};{tm=.5;["Torso"]={tm=.0170;cf=cfr(0,0,0,.866,-.5,0,.5,.866,0,0,0,1);es="Cubic";ed="Out";};["Head"]={tm=.0170;cf=cfr(0,0,0,.866,.5,0,-.5,.866,0,0,0,1);es="Cubic";ed="Out";};["Left Arm"]={tm=.0170;cf=cfr(.693,.2,.4,-.342,.94,0,-.94,-.342,0,0,0,1);es="Cubic";ed="Out";};};{tm=.517;["Torso"]={tm=.0160;cf=cfr(0,0,0,.986,-.168,0,.168,.986,0,0,0,1);es="Linear";ed="In";};["Head"]={tm=.0160;cf=cfr(0,0,0,.977,.214,0,-.214,.977,0,0,0,1);es="Linear";ed="In";};["Left Arm"]={tm=.0160;cf=cfr(.209,.092,.276,-.212,.97,.122,-.976,-.204,-.074,-.046,-.135,.99);es="Linear";ed="In";};};{tm=.533;["Torso"]={tm=.0170;cf=cfr(0,0,0,.993,.115,0,-.115,.993,0,0,0,1);es="Linear";ed="In";};["Head"]={tm=.0170;cf=cfr(0,0,0,1,-.03,0,.03,1,0,0,0,1);es="Linear";ed="In";};["Left Arm"]={tm=.0170;cf=cfr(-.179,.005,.176,-.109,.968,.225,-.989,-.084,-.119,-.096,-.236,.967);es="Linear";ed="In";};};{tm=.55;["Torso"]={tm=.0169;cf=cfr(0,0,0,.944,.33,0,-.33,.944,0,0,0,1);es="Linear";ed="In";};["Head"]={tm=.0169;cf=cfr(0,0,0,.976,-.22,0,.22,.976,0,0,0,1);es="Linear";ed="In";};["Left Arm"]={tm=.0169;cf=cfr(-.481,-.063,.099,-.032,.951,.307,-.989,.013,-.145,-.142,-.308,.941);es="Linear";ed="In";};};{tm=.567;["Torso"]={tm=.0160;cf=cfr(0,0,0,.876,.482,0,-.482,.876,0,0,0,1);es="Linear";ed="In";};["Head"]={tm=.0160;cf=cfr(0,0,0,.934,-.358,0,.358,.934,0,0,0,1);es="Linear";ed="In";};["Left Arm"]={tm=.0160;cf=cfr(-.707,-.114,.041,.023,.93,.368,-.983,.087,-.159,-.18,-.358,.916);es="Linear";ed="In";};};{tm=.583;["Torso"]={tm=.0170;cf=cfr(0,0,0,.813,.582,0,-.582,.813,0,0,0,1);es="Linear";ed="In";};["Head"]={tm=.0170;cf=cfr(0,0,0,.892,-.452,0,.452,.892,0,0,0,1);es="Linear";ed="In";};["Left Arm"]={tm=.0170;cf=cfr(-.87,-.15,-.001,.061,.909,.411,-.976,.141,-.166,-.209,-.391,.896);es="Linear";ed="In";};};{tm=.6;["Torso"]={tm=.0170;cf=cfr(0,0,0,.764,.645,0,-.645,.764,0,0,0,1);es="Linear";ed="In";};["Head"]={tm=.0170;cf=cfr(0,0,0,.859,-.513,0,.513,.859,0,0,0,1);es="Linear";ed="In";};["Left Arm"]={tm=.0170;cf=cfr(-.979,-.174,-.029,.086,.894,.44,-.97,.176,-.169,-.228,-.412,.882);es="Linear";ed="In";};};{tm=.617;["Torso"]={tm=.0160;cf=cfr(0,0,0,.732,.682,0,-.682,.732,0,0,0,1);es="Linear";ed="In";};["Head"]={tm=.0160;cf=cfr(0,0,0,.836,-.548,0,.548,.836,0,0,0,1);es="Linear";ed="In";};["Left Arm"]={tm=.0160;cf=cfr(-1.045,-.189,-.046,.1,.884,.457,-.965,.198,-.17,-.241,-.424,.873);es="Linear";ed="In";};};{tm=.633;["Torso"]={tm=.0170;cf=cfr(0,0,0,.714,.7,0,-.7,.714,0,0,0,1);es="Linear";ed="In";};["Head"]={tm=.0170;cf=cfr(0,0,0,.824,-.566,0,.566,.824,0,0,0,1);es="Linear";ed="In";};["Left Arm"]={tm=.0170;cf=cfr(-1.079,-.197,-.055,.108,.878,.466,-.963,.209,-.171,-.247,-.43,.868);es="Linear";ed="In";};};{tm=.65;["Torso"]={tm=.0170;cf=cfr(0,0,0,.708,.706,0,-.706,.708,0,0,0,1);es="Linear";ed="In";};["Head"]={tm=.0170;cf=cfr(0,0,0,.82,-.573,0,.573,.82,0,0,0,1);es="Linear";ed="In";};["Left Arm"]={tm=.0170;cf=cfr(-1.091,-.2,-.058,.11,.876,.469,-.962,.213,-.171,-.25,-.433,.866);es="Linear";ed="In";};};{tm=.667;["Torso"]={tm=0;cf=cfr(0,0,0,.707,.707,0,-.707,.707,0,0,0,1);es="Sine";ed="InOut";};["Head"]={tm=0;cf=cfr(0,0,0,.819,-.574,0,.574,.819,0,0,0,1);es="Sine";ed="InOut";};["Left Arm"]={tm=0;cf=cfr(-1.093,-.2,-.059,.111,.876,.47,-.962,.213,-.171,-.25,-.433,.866);es="Sine";ed="InOut";};};}
