-- // converted using mech's animoduler
local cfr = CFrame.new

return {{tm=0;["EnableTrail"]="0";["Torso"]={tm=.017;cf=cfr(0,0,0,1,0,0,0,1,0,0,0,1);es="Sine";ed="InOut";};["Head"]={tm=.017;cf=cfr(0,0,0,1,0,0,0,1,0,0,0,1);es="Sine";ed="InOut";};["Right Arm"]={tm=.017;cf=cfr(0,0,0,1,0,0,0,1,0,0,0,1);es="Sine";ed="InOut";};};{tm=.017;["Torso"]={tm=.016;cf=cfr(0,0,0,1,.004,0,-.004,1,0,0,0,1);es="Linear";ed="In";};["Head"]={tm=.016;cf=cfr(0,0,0,1,-.004,0,.004,1,0,0,0,1);es="Linear";ed="In";};["Right Arm"]={tm=.016;cf=cfr(-.003,-.003,.001,1,.003,-.002,-.003,1,.007,.002,-.007,1);es="Linear";ed="In";};};{tm=.033;["Torso"]={tm=.017;cf=cfr(0,0,0,1,.015,0,-.015,1,0,0,0,1);es="Linear";ed="In";};["Head"]={tm=.017;cf=cfr(0,0,0,1,-.015,0,.015,1,0,0,0,1);es="Linear";ed="In";};["Right Arm"]={tm=.017;cf=cfr(-.011,-.012,.002,1,.013,-.008,-.013,1,.027,.009,-.026,1);es="Linear";ed="In";};};{tm=.05;["Torso"]={tm=.017;cf=cfr(0,0,0,.999,.033,0,-.033,.999,0,0,0,1);es="Linear";ed="In";};["Head"]={tm=.017;cf=cfr(0,0,0,.999,-.033,0,.033,.999,0,0,0,1);es="Linear";ed="In";};["Right Arm"]={tm=.017;cf=cfr(-.025,-.027,.005,.999,.03,-.018,-.029,.998,.059,.019,-.059,.998);es="Linear";ed="In";};};{tm=.067;["Torso"]={tm=.016;cf=cfr(0,0,0,.998,.058,0,-.058,.998,0,0,0,1);es="Linear";ed="In";};["Head"]={tm=.016;cf=cfr(0,0,0,.998,-.058,0,.058,.998,0,0,0,1);es="Linear";ed="In";};["Right Arm"]={tm=.016;cf=cfr(-.043,-.047,.009,.998,.054,-.03,-.05,.993,.104,.035,-.102,.994);es="Linear";ed="In";};};{tm=.083;["Torso"]={tm=.017;cf=cfr(0,0,0,.996,.089,0,-.089,.996,0,0,0,1);es="Linear";ed="In";};["Head"]={tm=.017;cf=cfr(0,0,0,.996,-.089,0,.089,.996,0,0,0,1);es="Linear";ed="In";};["Right Arm"]={tm=.017;cf=cfr(-.066,-.072,.013,.996,.083,-.043,-.075,.984,.16,.056,-.156,.986);es="Linear";ed="In";};};{tm=.1;["Torso"]={tm=.017;cf=cfr(0,0,0,.992,.126,0,-.126,.992,0,0,0,1);es="Linear";ed="In";};["Head"]={tm=.017;cf=cfr(0,0,0,.992,-.126,0,.126,.992,0,0,0,1);es="Linear";ed="In";};["Right Arm"]={tm=.017;cf=cfr(-.093,-.101,.019,.991,.119,-.057,-.103,.969,.225,.082,-.217,.973);es="Linear";ed="In";};};{tm=.117;["Torso"]={tm=.016;cf=cfr(0,0,0,.986,.166,0,-.166,.986,0,0,0,1);es="Linear";ed="In";};["Head"]={tm=.016;cf=cfr(0,0,0,.986,-.166,0,.166,.986,0,0,0,1);es="Linear";ed="In";};["Right Arm"]={tm=.016;cf=cfr(-.123,-.133,.025,.985,.16,-.07,-.132,.946,.297,.113,-.283,.952);es="Linear";ed="In";};};{tm=.133;["Torso"]={tm=.0169;cf=cfr(0,0,0,.978,.209,0,-.209,.978,0,0,0,1);es="Linear";ed="In";};["Head"]={tm=.0169;cf=cfr(0,0,0,.978,-.209,0,.209,.978,0,0,0,1);es="Linear";ed="In";};["Right Arm"]={tm=.0169;cf=cfr(-.156,-.169,.031,.976,.204,-.08,-.161,.914,.373,.149,-.351,.924);es="Linear";ed="In";};};{tm=.15;["Torso"]={tm=.0170;cf=cfr(0,0,0,.967,.255,0,-.255,.967,0,0,0,1);es="Linear";ed="In";};["Head"]={tm=.0170;cf=cfr(0,0,0,.967,-.255,0,.255,.967,0,0,0,1);es="Linear";ed="In";};["Right Arm"]={tm=.0170;cf=cfr(-.19,-.206,.038,.964,.251,-.086,-.187,.872,.452,.189,-.419,.888);es="Linear";ed="In";};};{tm=.167;["Torso"]={tm=.0159;cf=cfr(0,0,0,.954,.301,0,-.301,.954,0,0,0,1);es="Linear";ed="In";};["Head"]={tm=.0159;cf=cfr(0,0,0,.954,-.301,0,.301,.954,0,0,0,1);es="Linear";ed="In";};["Right Arm"]={tm=.0159;cf=cfr(-.225,-.244,.045,.95,.3,-.088,-.21,.822,.529,.231,-.484,.844);es="Linear";ed="In";};};{tm=.183;["Torso"]={tm=.0170;cf=cfr(0,0,0,.938,.346,0,-.346,.938,0,0,0,1);es="Linear";ed="In";};["Head"]={tm=.0170;cf=cfr(0,0,0,.938,-.346,0,.346,.938,0,0,0,1);es="Linear";ed="In";};["Right Arm"]={tm=.0170;cf=cfr(-.261,-.283,.052,.934,.347,-.086,-.229,.765,.602,.275,-.542,.794);es="Linear";ed="In";};};{tm=.2;["Torso"]={tm=.0169;cf=cfr(0,0,0,.921,.389,0,-.389,.921,0,0,0,1);es="Linear";ed="In";};["Head"]={tm=.0169;cf=cfr(0,0,0,.921,-.389,0,.389,.921,0,0,0,1);es="Linear";ed="In";};["Right Arm"]={tm=.0169;cf=cfr(-.295,-.32,.059,.916,.392,-.08,-.243,.703,.669,.318,-.593,.739);es="Linear";ed="In";};};{tm=.217;["Torso"]={tm=.0160;cf=cfr(0,0,0,.903,.43,0,-.43,.903,0,0,0,1);es="Linear";ed="In";};["Head"]={tm=.0160;cf=cfr(0,0,0,.903,-.43,0,.43,.903,0,0,0,1);es="Linear";ed="In";};["Right Arm"]={tm=.0160;cf=cfr(-.328,-.355,.066,.898,.434,-.07,-.252,.638,.727,.36,-.636,.683);es="Linear";ed="In";};};{tm=.233;["Torso"]={tm=.0169;cf=cfr(0,0,0,.885,.466,0,-.466,.885,0,0,0,1);es="Linear";ed="In";};["Head"]={tm=.0169;cf=cfr(0,0,0,.885,-.466,0,.466,.885,0,0,0,1);es="Linear";ed="In";};["Right Arm"]={tm=.0169;cf=cfr(-.358,-.388,.072,.88,.471,-.057,-.257,.575,.777,.399,-.669,.627);es="Linear";ed="In";};};{tm=.25;["Torso"]={tm=.0170;cf=cfr(0,0,0,.867,.498,0,-.498,.867,0,0,0,1);es="Linear";ed="In";};["Head"]={tm=.0170;cf=cfr(0,0,0,.867,-.498,0,.498,.867,0,0,0,1);es="Linear";ed="In";};["Right Arm"]={tm=.0170;cf=cfr(-.385,-.417,.077,.863,.503,-.043,-.259,.515,.817,.433,-.695,.574);es="Linear";ed="In";};};{tm=.267;["Torso"]={tm=.0159;cf=cfr(0,0,0,.851,.525,0,-.525,.851,0,0,0,1);es="Linear";ed="In";};["Head"]={tm=.0159;cf=cfr(0,0,0,.851,-.525,0,.525,.851,0,0,0,1);es="Linear";ed="In";};["Right Arm"]={tm=.0159;cf=cfr(-.408,-.442,.082,.848,.529,-.03,-.258,.461,.849,.462,-.712,.528);es="Linear";ed="In";};};{tm=.283;["Torso"]={tm=.0170;cf=cfr(0,0,0,.838,.546,0,-.546,.838,0,0,0,1);es="Linear";ed="In";};["Head"]={tm=.0170;cf=cfr(0,0,0,.838,-.546,0,.546,.838,0,0,0,1);es="Linear";ed="In";};["Right Arm"]={tm=.0170;cf=cfr(-.426,-.462,.086,.836,.548,-.018,-.255,.418,.872,.486,-.724,.489);es="Linear";ed="In";};};{tm=.3;["Torso"]={tm=.0170;cf=cfr(0,0,0,.828,.561,0,-.561,.828,0,0,0,1);es="Linear";ed="In";};["Head"]={tm=.0170;cf=cfr(0,0,0,.828,-.561,0,.561,.828,0,0,0,1);es="Linear";ed="In";};["Right Arm"]={tm=.0170;cf=cfr(-.44,-.477,.088,.827,.562,-.008,-.253,.385,.888,.502,-.732,.46);es="Linear";ed="In";};};{tm=.317;["Torso"]={tm=.0160;cf=cfr(0,0,0,.821,.57,0,-.57,.821,0,0,0,1);es="Linear";ed="In";};["Head"]={tm=.0160;cf=cfr(0,0,0,.821,-.57,0,.57,.821,0,0,0,1);es="Linear";ed="In";};["Right Arm"]={tm=.0160;cf=cfr(-.448,-.486,.09,.821,.571,-.002,-.251,.365,.897,.513,-.736,.443);es="Linear";ed="In";};};{tm=.333;["PauseAndFlash"]="0";["Torso"]={tm=.0169;cf=cfr(0,0,0,.819,.574,0,-.574,.819,0,0,0,1);es="Quart";ed="Out";};["Head"]={tm=.0169;cf=cfr(0,0,0,.819,-.574,0,.574,.819,0,0,0,1);es="Quart";ed="Out";};["Right Arm"]={tm=.0169;cf=cfr(-.451,-.489,.091,.819,.574,0,-.251,.358,.9,.516,-.737,.437);es="Quart";ed="Out";};};{tm=.35;["Torso"]={tm=.0170;cf=cfr(0,0,0,.976,.216,0,-.216,.976,0,0,0,1);es="Linear";ed="In";};["Head"]={tm=.0170;cf=cfr(0,0,0,.976,-.216,0,.216,.976,0,0,0,1);es="Linear";ed="In";};["Right Arm"]={tm=.0170;cf=cfr(.322,-.558,.049,.972,-.235,0,.102,.425,.9,-.211,-.874,.437);es="Linear";ed="In";};};{tm=.367;["Torso"]={tm=.0160;cf=cfr(0,0,0,.999,-.053,0,.053,.999,0,0,0,1);es="Linear";ed="In";};["Head"]={tm=.0160;cf=cfr(0,0,0,.999,.053,0,-.053,.999,0,0,0,1);es="Linear";ed="In";};["Right Arm"]={tm=.0160;cf=cfr(.854,-.606,.02,.682,-.731,0,.319,.298,.9,-.658,-.614,.437);es="Linear";ed="In";};};{tm=.383;["Torso"]={tm=.0170;cf=cfr(0,0,0,.974,-.227,0,.227,.974,0,0,0,1);es="Linear";ed="In";};["Head"]={tm=.0170;cf=cfr(0,0,0,.974,.227,0,-.227,.974,0,0,0,1);es="Linear";ed="In";};["Right Arm"]={tm=.0170;cf=cfr(1.201,-.637,.001,.362,-.932,0,.407,.158,.9,-.838,-.326,.437);es="Linear";ed="In";};};{tm=.4;["Torso"]={tm=.0169;cf=cfr(0,0,0,.944,-.33,0,.33,.944,0,0,0,1);es="Linear";ed="In";};["Head"]={tm=.0169;cf=cfr(0,0,0,.944,.33,0,-.33,.944,0,0,0,1);es="Linear";ed="In";};["Right Arm"]={tm=.0169;cf=cfr(1.411,-.656,-.01,.14,-.99,0,.432,.061,.9,-.891,-.126,.437);es="Linear";ed="In";};};{tm=.417;["Torso"]={tm=.0160;cf=cfr(0,0,0,.923,-.385,0,.385,.923,0,0,0,1);es="Linear";ed="In";};["Head"]={tm=.0160;cf=cfr(0,0,0,.923,.385,0,-.385,.923,0,0,0,1);es="Linear";ed="In";};["Right Arm"]={tm=.0160;cf=cfr(1.527,-.666,-.016,.013,-1,0,.437,.006,.9,-.899,-.012,.437);es="Linear";ed="In";};};{tm=.433;["Torso"]={tm=.0170;cf=cfr(0,0,0,.912,-.411,0,.411,.912,0,0,0,1);es="Linear";ed="In";};["Head"]={tm=.0170;cf=cfr(0,0,0,.912,.411,0,-.411,.912,0,0,0,1);es="Linear";ed="In";};["Right Arm"]={tm=.0170;cf=cfr(1.582,-.671,-.019,-.047,-.999,0,.436,-.02,.9,-.899,.042,.437);es="Linear";ed="In";};};{tm=.45;["Torso"]={tm=.0170;cf=cfr(0,0,0,.907,-.42,0,.42,.907,0,0,0,1);es="Linear";ed="In";};["Head"]={tm=.0170;cf=cfr(0,0,0,.907,.42,0,-.42,.907,0,0,0,1);es="Linear";ed="In";};["Right Arm"]={tm=.0170;cf=cfr(1.602,-.673,-.02,-.069,-.998,0,.436,-.03,.9,-.897,.062,.437);es="Linear";ed="In";};};{tm=.467;["Torso"]={tm=.0159;cf=cfr(0,0,0,.906,-.422,0,.422,.906,0,0,0,1);es="Linear";ed="In";};["Head"]={tm=.0159;cf=cfr(0,0,0,.906,.422,0,-.422,.906,0,0,0,1);es="Linear";ed="In";};["Right Arm"]={tm=.0159;cf=cfr(1.607,-.673,-.021,-.074,-.997,0,.436,-.032,.9,-.897,.067,.437);es="Linear";ed="In";};};{tm=.483;["Torso"]={tm=0;cf=cfr(0,0,0,.906,-.423,0,.423,.906,0,0,0,1);es="Sine";ed="InOut";};["Head"]={tm=0;cf=cfr(0,0,0,.906,.423,0,-.423,.906,0,0,0,1);es="Sine";ed="InOut";};["Right Arm"]={tm=.0170;cf=cfr(1.607,-.673,-.021,-.075,-.997,0,.436,-.033,.9,-.897,.067,.437);es="Sine";ed="InOut";};};{tm=.5;["Right Arm"]={tm=.0170;cf=cfr(1.603,-.673,-.02,-.07,-.998,0,.436,-.031,.9,-.897,.063,.437);es="Linear";ed="In";};};{tm=.517;["Right Arm"]={tm=.0160;cf=cfr(1.591,-.672,-.02,-.058,-.998,0,.436,-.025,.9,-.898,.052,.437);es="Linear";ed="In";};};{tm=.533;["Right Arm"]={tm=.0170;cf=cfr(1.573,-.67,-.019,-.038,-.999,0,.436,-.016,.9,-.899,.034,.437);es="Linear";ed="In";};};{tm=.55;["Right Arm"]={tm=.0169;cf=cfr(1.55,-.668,-.018,-.012,-1,0,.437,-.005,.9,-.9,.011,.437);es="Linear";ed="In";};};{tm=.567;["Right Arm"]={tm=.0160;cf=cfr(1.523,-.666,-.016,.017,-1,0,.437,.008,.9,-.899,-.016,.437);es="Linear";ed="In";};};{tm=.583;["Right Arm"]={tm=.0170;cf=cfr(1.495,-.663,-.015,.048,-.999,0,.436,.021,.9,-.899,-.043,.437);es="Linear";ed="In";};};{tm=.6;["Right Arm"]={tm=.0170;cf=cfr(1.468,-.661,-.013,.077,-.997,0,.435,.034,.9,-.897,-.07,.437);es="Linear";ed="In";};};{tm=.617;["Right Arm"]={tm=.0160;cf=cfr(1.445,-.659,-.012,.103,-.995,0,.434,.045,.9,-.895,-.093,.437);es="Linear";ed="In";};};{tm=.633;["Right Arm"]={tm=.0170;cf=cfr(1.426,-.657,-.011,.123,-.992,0,.433,.054,.9,-.893,-.11,.437);es="Linear";ed="In";};};{tm=.65;["Right Arm"]={tm=.0170;cf=cfr(1.415,-.656,-.01,.135,-.991,0,.433,.059,.9,-.891,-.122,.437);es="Linear";ed="In";};};{tm=.667;["Right Arm"]={tm=0;cf=cfr(1.411,-.656,-.01,.14,-.99,0,.432,.061,.9,-.891,-.126,.437);es="Linear";ed="In";};};}
