-- // converted using mech's animoduler
local cfr = CFrame.new

return {{tm=0;["EnableTrail"]="0";["Torso"]={tm=.017;cf=cfr(0,0,0,1,0,0,0,1,0,0,0,1);es="Sine";ed="InOut";};["Head"]={tm=.017;cf=cfr(0,0,0,1,0,0,0,1,0,0,0,1);es="Sine";ed="InOut";};["Right Arm"]={tm=.017;cf=cfr(0,0,0,1,0,0,0,1,0,0,0,1);es="Sine";ed="InOut";};};{tm=.017;["Torso"]={tm=.016;cf=cfr(0,0,0,1,-.004,0,.004,1,0,0,0,1);es="Linear";ed="In";};["Head"]={tm=.016;cf=cfr(0,0,0,1,.004,0,-.004,1,0,0,0,1);es="Linear";ed="In";};["Right Arm"]={tm=.016;cf=cfr(.004,-.003,-.006,1,-.013,.009,.013,1,-.001,-.009,.001,1);es="Linear";ed="In";};};{tm=.033;["Torso"]={tm=.017;cf=cfr(0,0,0,1,-.017,0,.017,1,0,0,0,1);es="Linear";ed="In";};["Head"]={tm=.017;cf=cfr(0,0,0,1,.017,0,-.017,1,0,0,0,1);es="Linear";ed="In";};["Right Arm"]={tm=.017;cf=cfr(.015,-.013,-.026,.998,-.05,.037,.05,.999,-.002,-.037,.004,.999);es="Linear";ed="In";};};{tm=.05;["Torso"]={tm=.017;cf=cfr(0,0,0,.999,-.038,0,.038,.999,0,0,0,1);es="Linear";ed="In";};["Head"]={tm=.017;cf=cfr(0,0,0,.999,.038,0,-.038,.999,0,0,0,1);es="Linear";ed="In";};["Right Arm"]={tm=.017;cf=cfr(.034,-.029,-.057,.99,-.111,.082,.111,.994,-.001,-.081,.011,.997);es="Linear";ed="In";};};{tm=.067;["Torso"]={tm=.016;cf=cfr(0,0,0,.998,-.067,0,.067,.998,0,0,0,1);es="Linear";ed="In";};["Head"]={tm=.016;cf=cfr(0,0,0,.998,.067,0,-.067,.998,0,0,0,1);es="Linear";ed="In";};["Right Arm"]={tm=.016;cf=cfr(.059,-.05,-.1,.971,-.193,.143,.194,.981,.004,-.141,.024,.99);es="Linear";ed="In";};};{tm=.083;["Torso"]={tm=.017;cf=cfr(0,0,0,.995,-.102,0,.102,.995,0,0,0,1);es="Linear";ed="In";};["Head"]={tm=.017;cf=cfr(0,0,0,.995,.102,0,-.102,.995,0,0,0,1);es="Linear";ed="In";};["Right Arm"]={tm=.017;cf=cfr(.091,-.077,-.154,.932,-.291,.218,.295,.955,.017,-.213,.048,.976);es="Linear";ed="In";};};{tm=.1;["Torso"]={tm=.017;cf=cfr(0,0,0,.99,-.143,0,.143,.99,0,0,0,1);es="Linear";ed="In";};["Head"]={tm=.017;cf=cfr(0,0,0,.99,.143,0,-.143,.99,0,0,0,1);es="Linear";ed="In";};["Right Arm"]={tm=.017;cf=cfr(.128,-.108,-.217,.866,-.399,.301,.406,.913,.042,-.292,.086,.953);es="Linear";ed="In";};};{tm=.117;["Torso"]={tm=.016;cf=cfr(0,0,0,.982,-.189,0,.189,.982,0,0,0,1);es="Linear";ed="In";};["Head"]={tm=.016;cf=cfr(0,0,0,.982,.189,0,-.189,.982,0,0,0,1);es="Linear";ed="In";};["Right Arm"]={tm=.016;cf=cfr(.17,-.143,-.287,.769,-.509,.387,.521,.85,.083,-.371,.138,.918);es="Linear";ed="In";};};{tm=.133;["Torso"]={tm=.0169;cf=cfr(0,0,0,.971,-.239,0,.239,.971,0,0,0,1);es="Linear";ed="In";};["Head"]={tm=.0169;cf=cfr(0,0,0,.971,.239,0,-.239,.971,0,0,0,1);es="Linear";ed="In";};["Right Arm"]={tm=.0169;cf=cfr(.215,-.181,-.364,.639,-.61,.468,.629,.765,.139,-.443,.206,.873);es="Linear";ed="In";};};{tm=.15;["Torso"]={tm=.0170;cf=cfr(0,0,0,.957,-.29,0,.29,.957,0,0,0,1);es="Linear";ed="In";};["Head"]={tm=.0170;cf=cfr(0,0,0,.957,.29,0,-.29,.957,0,0,0,1);es="Linear";ed="In";};["Right Arm"]={tm=.0170;cf=cfr(.262,-.221,-.444,.479,-.694,.538,.72,.661,.211,-.502,.287,.816);es="Linear";ed="In";};};{tm=.167;["Torso"]={tm=.0159;cf=cfr(0,0,0,.94,-.342,0,.342,.94,0,0,0,1);es="Linear";ed="In";};["Head"]={tm=.0159;cf=cfr(0,0,0,.94,.342,0,-.342,.94,0,0,0,1);es="Linear";ed="In";};["Right Arm"]={tm=.0159;cf=cfr(.311,-.262,-.526,.296,-.751,.59,.787,.542,.295,-.541,.377,.751);es="Linear";ed="In";};};{tm=.183;["Torso"]={tm=.0170;cf=cfr(0,0,0,.92,-.393,0,.393,.92,0,0,0,1);es="Linear";ed="In";};["Head"]={tm=.0170;cf=cfr(0,0,0,.92,.393,0,-.393,.92,0,0,0,1);es="Linear";ed="In";};["Right Arm"]={tm=.0170;cf=cfr(.359,-.303,-.608,.102,-.778,.62,.824,.415,.386,-.558,.472,.683);es="Linear";ed="In";};};{tm=.2;["Torso"]={tm=.0169;cf=cfr(0,0,0,.897,-.441,0,.441,.897,0,0,0,1);es="Linear";ed="In";};["Head"]={tm=.0169;cf=cfr(0,0,0,.897,.441,0,-.441,.897,0,0,0,1);es="Linear";ed="In";};["Right Arm"]={tm=.0169;cf=cfr(.407,-.343,-.689,-.092,-.773,.628,.829,.29,.478,-.551,.564,.615);es="Linear";ed="In";};};{tm=.217;["Torso"]={tm=.0160;cf=cfr(0,0,0,.874,-.486,0,.486,.874,0,0,0,1);es="Linear";ed="In";};["Head"]={tm=.0160;cf=cfr(0,0,0,.874,.486,0,-.486,.874,0,0,0,1);es="Linear";ed="In";};["Right Arm"]={tm=.0160;cf=cfr(.452,-.381,-.765,-.272,-.741,.614,.807,.172,.566,-.525,.649,.551);es="Linear";ed="In";};};{tm=.233;["Torso"]={tm=.0169;cf=cfr(0,0,0,.85,-.526,0,.526,.85,0,0,0,1);es="Linear";ed="In";};["Head"]={tm=.0169;cf=cfr(0,0,0,.85,.526,0,-.526,.85,0,0,0,1);es="Linear";ed="In";};["Right Arm"]={tm=.0169;cf=cfr(.493,-.416,-.835,-.431,-.688,.583,.762,.069,.644,-.483,.722,.495);es="Linear";ed="In";};};{tm=.25;["Torso"]={tm=.0170;cf=cfr(0,0,0,.828,-.561,0,.561,.828,0,0,0,1);es="Linear";ed="In";};["Head"]={tm=.0170;cf=cfr(0,0,0,.828,.561,0,-.561,.828,0,0,0,1);es="Linear";ed="In";};["Right Arm"]={tm=.0170;cf=cfr(.53,-.447,-.898,-.562,-.624,.543,.704,-.016,.71,-.434,.781,.449);es="Linear";ed="In";};};{tm=.267;["Torso"]={tm=.0159;cf=cfr(0,0,0,.807,-.59,0,.59,.807,0,0,0,1);es="Linear";ed="In";};["Head"]={tm=.0159;cf=cfr(0,0,0,.807,.59,0,-.59,.807,0,0,0,1);es="Linear";ed="In";};["Right Arm"]={tm=.0159;cf=cfr(.562,-.474,-.952,-.664,-.557,.499,.643,-.083,.762,-.383,.826,.413);es="Linear";ed="In";};};{tm=.283;["Torso"]={tm=.0170;cf=cfr(0,0,0,.79,-.613,0,.613,.79,0,0,0,1);es="Linear";ed="In";};["Head"]={tm=.0170;cf=cfr(0,0,0,.79,.613,0,-.613,.79,0,0,0,1);es="Linear";ed="In";};["Right Arm"]={tm=.0170;cf=cfr(.588,-.495,-.995,-.737,-.496,.458,.585,-.131,.8,-.337,.858,.387);es="Linear";ed="In";};};{tm=.3;["Torso"]={tm=.0170;cf=cfr(0,0,0,.777,-.63,0,.63,.777,0,0,0,1);es="Linear";ed="In";};["Head"]={tm=.0170;cf=cfr(0,0,0,.777,.63,0,-.63,.777,0,0,0,1);es="Linear";ed="In";};["Right Arm"]={tm=.0170;cf=cfr(.606,-.511,-1.026,-.786,-.448,.426,.54,-.163,.826,-.301,.879,.369);es="Linear";ed="In";};};{tm=.317;["Torso"]={tm=.0160;cf=cfr(0,0,0,.769,-.639,0,.639,.769,0,0,0,1);es="Linear";ed="In";};["Head"]={tm=.0160;cf=cfr(0,0,0,.769,.639,0,-.639,.769,0,0,0,1);es="Linear";ed="In";};["Right Arm"]={tm=.0160;cf=cfr(.618,-.52,-1.046,-.814,-.417,.404,.51,-.181,.841,-.278,.891,.36);es="Linear";ed="In";};};{tm=.333;["PauseAndFlash"]="0";["Torso"]={tm=.0169;cf=cfr(0,0,0,.766,-.643,0,.643,.766,0,0,0,1);es="Quad";ed="Out";};["Head"]={tm=.0169;cf=cfr(0,0,0,.766,.643,0,-.643,.766,0,0,0,1);es="Quad";ed="Out";};["Right Arm"]={tm=.0169;cf=cfr(.622,-.524,-1.052,-.823,-.406,.397,.5,-.186,.846,-.27,.895,.357);es="Quad";ed="Out";};};{tm=.35;["Torso"]={tm=.0170;cf=cfr(0,0,0,.901,-.434,0,.434,.901,0,0,0,1);es="Linear";ed="In";};["Head"]={tm=.0170;cf=cfr(0,0,0,.901,.434,0,-.434,.901,0,0,0,1);es="Linear";ed="In";};["Right Arm"]={tm=.0170;cf=cfr(.611,-.616,-.635,-.369,-.901,.227,.47,.03,.882,-.802,.432,.412);es="Linear";ed="In";};};{tm=.367;["Torso"]={tm=.0160;cf=cfr(0,0,0,.974,-.225,0,.225,.974,0,0,0,1);es="Linear";ed="In";};["Head"]={tm=.0160;cf=cfr(0,0,0,.974,.225,0,-.225,.974,0,0,0,1);es="Linear";ed="In";};["Right Arm"]={tm=.0160;cf=cfr(.602,-.688,-.31,.153,-.983,.099,.349,.148,.925,-.924,-.107,.366);es="Linear";ed="In";};};{tm=.383;["Torso"]={tm=.0170;cf=cfr(0,0,0,1,-.031,0,.031,1,0,0,0,1);es="Linear";ed="In";};["Head"]={tm=.0170;cf=cfr(0,0,0,1,.031,0,-.031,1,0,0,0,1);es="Linear";ed="In";};["Right Arm"]={tm=.0170;cf=cfr(.597,-.739,-.078,.517,-.855,.035,.232,.18,.956,-.824,-.486,.292);es="Linear";ed="In";};};{tm=.4;["Torso"]={tm=.0169;cf=cfr(0,0,0,.99,.139,0,-.139,.99,0,0,0,1);es="Linear";ed="In";};["Head"]={tm=.0169;cf=cfr(0,0,0,.99,-.139,0,.139,.99,0,0,0,1);es="Linear";ed="In";};["Right Arm"]={tm=.0169;cf=cfr(.593,-.77,.062,.702,-.712,.013,.159,.175,.972,-.694,-.68,.236);es="Linear";ed="In";};};{tm=.417;["Torso"]={tm=.0160;cf=cfr(0,0,0,.96,.28,0,-.28,.96,0,0,0,1);es="Linear";ed="In";};["Head"]={tm=.0160;cf=cfr(0,0,0,.96,-.28,0,.28,.96,0,0,0,1);es="Linear";ed="In";};["Right Arm"]={tm=.0160;cf=cfr(.592,-.78,.108,.756,-.655,.009,.135,.169,.976,-.641,-.737,.216);es="Quad";ed="Out";};};{tm=.433;["Torso"]={tm=.0170;cf=cfr(0,0,0,.921,.391,0,-.391,.921,0,0,0,1);es="Linear";ed="In";};["Head"]={tm=.0170;cf=cfr(0,0,0,.921,-.391,0,.391,.921,0,0,0,1);es="Linear";ed="In";};["Right Arm"]={tm=.0170;cf=cfr(.12,-.753,.006,.995,-.103,.009,.013,.216,.976,-.103,-.971,.216);es="Linear";ed="In";};};{tm=.45;["Torso"]={tm=.0170;cf=cfr(0,0,0,.881,.473,0,-.473,.881,0,0,0,1);es="Linear";ed="In";};["Head"]={tm=.0170;cf=cfr(0,0,0,.881,-.473,0,.473,.881,0,0,0,1);es="Linear";ed="In";};["Right Arm"]={tm=.0170;cf=cfr(-.247,-.732,-.073,.932,.363,.009,-.087,.198,.976,.352,-.911,.216);es="Linear";ed="In";};};{tm=.467;["Torso"]={tm=.0159;cf=cfr(0,0,0,.848,.53,0,-.53,.848,0,0,0,1);es="Linear";ed="In";};["Head"]={tm=.0159;cf=cfr(0,0,0,.848,-.53,0,.53,.848,0,0,0,1);es="Linear";ed="In";};["Right Arm"]={tm=.0159;cf=cfr(-.509,-.717,-.129,.758,.652,.009,-.148,.158,.976,.635,-.742,.216);es="Linear";ed="In";};};{tm=.483;["Torso"]={tm=.0170;cf=cfr(0,0,0,.827,.563,0,-.563,.827,0,0,0,1);es="Linear";ed="In";};["Head"]={tm=.0170;cf=cfr(0,0,0,.827,-.563,0,.563,.827,0,0,0,1);es="Linear";ed="In";};["Right Arm"]={tm=.0170;cf=cfr(-.667,-.708,-.163,.611,.792,.009,-.176,.125,.976,.772,-.598,.216);es="Linear";ed="In";};};{tm=.5;["DisableTrail"]="0";["Torso"]={tm=0;cf=cfr(0,0,0,.819,.574,0,-.574,.819,0,0,0,1);es="Sine";ed="InOut";};["Head"]={tm=0;cf=cfr(0,0,0,.819,-.574,0,.574,.819,0,0,0,1);es="Sine";ed="InOut";};["Right Arm"]={tm=0;cf=cfr(-.719,-.705,-.174,.556,.831,.009,-.184,.113,.976,.811,-.544,.216);es="Sine";ed="InOut";};};}
