-- // converted using mech's animoduler
local cfr = CFrame.new

return {{tm=0;["Torso"]={tm=.017;cf=cfr(0,0,0,1,0,0,0,1,0,0,0,1);es="Quad";ed="In";};["Right Arm"]={tm=.017;cf=cfr(0,0,0,1,0,0,0,1,0,0,0,1);es="Quad";ed="In";};["Right Leg"]={tm=.017;cf=cfr(0,0,0,1,0,0,0,1,0,0,0,1);es="Quad";ed="In";};["Left Arm"]={tm=.017;cf=cfr(0,0,0,1,0,0,0,1,0,0,0,1);es="Quad";ed="In";};};{tm=.017;["Torso"]={tm=.016;cf=cfr(0,0,0,1,0,0,0,1,0,0,0,1);es="Linear";ed="In";};["Right Arm"]={tm=.016;cf=cfr(0,0,0,1,0,0,0,1,.001,0,-.001,1);es="Linear";ed="In";};["Right Leg"]={tm=.016;cf=cfr(.002,.001,0,1,.002,0,-.002,1,0,0,0,1);es="Linear";ed="In";};["Left Arm"]={tm=.016;cf=cfr(0,0,0,1,0,0,0,1,0,0,0,1);es="Linear";ed="In";};};{tm=.033;["Torso"]={tm=.017;cf=cfr(0,0,0,1,0,0,0,1,-.001,0,.001,1);es="Linear";ed="In";};["Right Arm"]={tm=.017;cf=cfr(0,0,0,1,0,0,0,1,.002,0,-.002,1);es="Linear";ed="In";};["Right Leg"]={tm=.017;cf=cfr(.006,.003,0,1,.009,0,-.009,1,0,0,0,1);es="Linear";ed="In";};["Left Arm"]={tm=.017;cf=cfr(0,0,0,1,0,0,0,1,.001,0,-.001,1);es="Linear";ed="In";};};{tm=.05;["Torso"]={tm=.017;cf=cfr(0,0,0,1,0,0,0,1,-.002,0,.002,1);es="Linear";ed="In";};["Right Arm"]={tm=.017;cf=cfr(0,0,0,1,0,0,0,1,.005,0,-.005,1);es="Linear";ed="In";};["Right Leg"]={tm=.017;cf=cfr(.014,.007,0,1,.02,0,-.02,1,0,0,0,1);es="Linear";ed="In";};["Left Arm"]={tm=.017;cf=cfr(0,0,0,1,0,0,0,1,.001,0,-.001,1);es="Linear";ed="In";};};{tm=.067;["Torso"]={tm=.016;cf=cfr(0,0,0,1,0,0,0,1,-.003,0,.003,1);es="Linear";ed="In";};["Right Arm"]={tm=.016;cf=cfr(0,0,0,1,0,0,0,1,.009,0,-.009,1);es="Linear";ed="In";};["Right Leg"]={tm=.016;cf=cfr(.026,.012,0,.999,.035,0,-.035,.999,0,0,0,1);es="Linear";ed="In";};["Left Arm"]={tm=.016;cf=cfr(0,0,0,1,0,0,0,1,.002,0,-.002,1);es="Linear";ed="In";};};{tm=.083;["Torso"]={tm=.017;cf=cfr(0,0,0,1,0,0,0,1,-.005,0,.005,1);es="Linear";ed="In";};["Right Arm"]={tm=.017;cf=cfr(0,0,0,1,0,0,0,1,.015,0,-.015,1);es="Linear";ed="In";};["Right Leg"]={tm=.017;cf=cfr(.04,.018,0,.999,.055,0,-.055,.999,0,0,0,1);es="Linear";ed="In";};["Left Arm"]={tm=.017;cf=cfr(0,0,0,1,0,0,0,1,.004,0,-.004,1);es="Linear";ed="In";};};{tm=.1;["Torso"]={tm=.017;cf=cfr(0,0,0,1,0,0,0,1,-.008,0,.008,1);es="Linear";ed="In";};["Right Arm"]={tm=.017;cf=cfr(0,0,0,1,0,0,0,1,.021,0,-.021,1);es="Linear";ed="In";};["Right Leg"]={tm=.017;cf=cfr(.058,.027,0,.997,.078,0,-.078,.997,0,0,0,1);es="Linear";ed="In";};["Left Arm"]={tm=.017;cf=cfr(0,0,0,1,0,0,0,1,.005,0,-.005,1);es="Linear";ed="In";};};{tm=.117;["Torso"]={tm=.016;cf=cfr(0,0,0,1,0,0,0,1,-.011,0,.011,1);es="Linear";ed="In";};["Right Arm"]={tm=.016;cf=cfr(0,0,0,1,0,0,0,1,.029,0,-.029,1);es="Linear";ed="In";};["Right Leg"]={tm=.016;cf=cfr(.079,.036,0,.994,.107,0,-.107,.994,0,0,0,1);es="Linear";ed="In";};["Left Arm"]={tm=.016;cf=cfr(0,0,0,1,0,0,0,1,.007,0,-.007,1);es="Linear";ed="In";};};{tm=.133;["Torso"]={tm=.0169;cf=cfr(0,0,0,1,0,0,0,1,-.014,0,.014,1);es="Linear";ed="In";};["Right Arm"]={tm=.0169;cf=cfr(0,0,0,1,0,0,0,.999,.037,0,-.037,.999);es="Linear";ed="In";};["Right Leg"]={tm=.0169;cf=cfr(.103,.047,0,.99,.139,0,-.139,.99,0,0,0,1);es="Linear";ed="In";};["Left Arm"]={tm=.0169;cf=cfr(0,0,0,1,0,0,0,1,.009,0,-.009,1);es="Linear";ed="In";};};{tm=.15;["Torso"]={tm=.0170;cf=cfr(0,0,0,1,0,0,0,1,-.018,0,.018,1);es="Linear";ed="In";};["Right Arm"]={tm=.0170;cf=cfr(0,0,0,1,0,0,0,.999,.047,0,-.047,.999);es="Linear";ed="In";};["Right Leg"]={tm=.0170;cf=cfr(.13,.06,0,.984,.176,0,-.176,.984,0,0,0,1);es="Linear";ed="In";};["Left Arm"]={tm=.0170;cf=cfr(0,0,0,1,0,0,0,1,.012,0,-.012,1);es="Linear";ed="In";};};{tm=.167;["Torso"]={tm=.0159;cf=cfr(0,0,0,1,0,0,0,1,-.022,0,.022,1);es="Linear";ed="In";};["Right Arm"]={tm=.0159;cf=cfr(0,0,0,1,0,0,0,.998,.058,0,-.058,.998);es="Linear";ed="In";};["Right Leg"]={tm=.0159;cf=cfr(.161,.074,0,.976,.216,0,-.216,.976,0,0,0,1);es="Linear";ed="In";};["Left Arm"]={tm=.0159;cf=cfr(0,0,0,1,0,0,0,1,.015,0,-.015,1);es="Linear";ed="In";};};{tm=.183;["Torso"]={tm=.0170;cf=cfr(0,0,0,1,0,0,0,1,-.026,0,.026,1);es="Linear";ed="In";};["Right Arm"]={tm=.0170;cf=cfr(0,0,0,1,0,0,0,.998,.07,0,-.07,.998);es="Linear";ed="In";};["Right Leg"]={tm=.0170;cf=cfr(.194,.089,0,.965,.261,0,-.261,.965,0,0,0,1);es="Linear";ed="In";};["Left Arm"]={tm=.0170;cf=cfr(0,0,0,1,0,0,0,1,.018,0,-.018,1);es="Linear";ed="In";};};{tm=.2;["Torso"]={tm=.0169;cf=cfr(0,0,0,1,0,0,0,1,-.031,0,.031,1);es="Linear";ed="In";};["Right Arm"]={tm=.0169;cf=cfr(0,0,0,1,0,0,0,.996,.084,0,-.084,.996);es="Linear";ed="In";};["Right Leg"]={tm=.0169;cf=cfr(.231,.106,0,.951,.309,0,-.309,.951,0,0,0,1);es="Linear";ed="In";};["Left Arm"]={tm=.0169;cf=cfr(0,0,0,1,0,0,0,1,.021,0,-.021,1);es="Linear";ed="In";};};{tm=.217;["Torso"]={tm=.0160;cf=cfr(0,0,0,1,0,0,0,.999,-.037,0,.037,.999);es="Linear";ed="In";};["Right Arm"]={tm=.0160;cf=cfr(0,0,0,1,0,0,0,.995,.098,0,-.098,.995);es="Linear";ed="In";};["Right Leg"]={tm=.0160;cf=cfr(.272,.125,0,.933,.36,0,-.36,.933,0,0,0,1);es="Linear";ed="In";};["Left Arm"]={tm=.0160;cf=cfr(0,0,0,1,0,0,0,1,.025,0,-.025,1);es="Linear";ed="In";};};{tm=.233;["Torso"]={tm=.0169;cf=cfr(0,0,0,1,0,0,0,.999,-.043,0,.043,.999);es="Linear";ed="In";};["Right Arm"]={tm=.0169;cf=cfr(0,0,0,1,0,0,0,.994,.114,0,-.114,.994);es="Linear";ed="In";};["Right Leg"]={tm=.0169;cf=cfr(.315,.145,0,.91,.415,0,-.415,.91,0,0,0,1);es="Linear";ed="In";};["Left Arm"]={tm=.0169;cf=cfr(0,0,0,1,0,0,0,1,.029,0,-.029,1);es="Linear";ed="In";};};{tm=.25;["Torso"]={tm=.0170;cf=cfr(0,0,0,1,0,0,0,.999,-.049,0,.049,.999);es="Linear";ed="In";};["Right Arm"]={tm=.0170;cf=cfr(0,0,0,1,0,0,0,.991,.131,0,-.131,.991);es="Linear";ed="In";};["Right Leg"]={tm=.0170;cf=cfr(.362,.166,0,.882,.471,0,-.471,.882,0,0,0,1);es="Linear";ed="In";};["Left Arm"]={tm=.0170;cf=cfr(0,0,0,1,0,0,0,.999,.033,0,-.033,.999);es="Linear";ed="In";};};{tm=.267;["Torso"]={tm=.0159;cf=cfr(0,0,0,1,0,0,0,.998,-.056,0,.056,.998);es="Linear";ed="In";};["Right Arm"]={tm=.0159;cf=cfr(0,0,0,1,0,0,0,.989,.148,0,-.148,.989);es="Linear";ed="In";};["Right Leg"]={tm=.0159;cf=cfr(.411,.189,0,.848,.53,0,-.53,.848,0,0,0,1);es="Linear";ed="In";};["Left Arm"]={tm=.0159;cf=cfr(0,0,0,1,0,0,0,.999,.037,0,-.037,.999);es="Linear";ed="In";};};{tm=.283;["Torso"]={tm=.0170;cf=cfr(0,0,0,1,0,0,0,.998,-.063,0,.063,.998);es="Linear";ed="In";};["Right Arm"]={tm=.0170;cf=cfr(0,0,0,1,0,0,0,.986,.167,0,-.167,.986);es="Linear";ed="In";};["Right Leg"]={tm=.0170;cf=cfr(.464,.214,0,.808,.59,0,-.59,.808,0,0,0,1);es="Linear";ed="In";};["Left Arm"]={tm=.0170;cf=cfr(0,0,0,1,0,0,0,.999,.042,0,-.042,.999);es="Linear";ed="In";};};{tm=.3;["Torso"]={tm=.0170;cf=cfr(0,0,0,1,0,0,0,.998,-.071,0,.071,.998);es="Linear";ed="In";};["Right Arm"]={tm=.0170;cf=cfr(0,0,0,1,0,0,0,.982,.187,0,-.187,.982);es="Linear";ed="In";};["Right Leg"]={tm=.0170;cf=cfr(.521,.24,0,.76,.649,0,-.649,.76,0,0,0,1);es="Linear";ed="In";};["Left Arm"]={tm=.0170;cf=cfr(0,0,0,1,0,0,0,.999,.047,0,-.047,.999);es="Linear";ed="In";};};{tm=.317;["Torso"]={tm=.0160;cf=cfr(0,0,0,1,0,0,0,.997,-.079,0,.079,.997);es="Linear";ed="In";};["Right Arm"]={tm=.0160;cf=cfr(0,0,0,1,0,0,0,.978,.208,0,-.208,.978);es="Linear";ed="In";};["Right Leg"]={tm=.0160;cf=cfr(.58,.267,0,.706,.709,0,-.709,.706,0,0,0,1);es="Linear";ed="In";};["Left Arm"]={tm=.0160;cf=cfr(0,0,0,1,0,0,0,.999,.052,0,-.052,.999);es="Linear";ed="In";};};{tm=.333;["PauseAndFlash"]="0";["Torso"]={tm=.0169;cf=cfr(0,0,0,1,0,0,0,.996,-.087,0,.087,.996);es="Quart";ed="Out";};["Right Arm"]={tm=.0169;cf=cfr(0,0,0,1,0,0,0,.973,.231,0,-.231,.973);es="Quart";ed="Out";};["Right Leg"]={tm=.0169;cf=cfr(.643,.296,0,.643,.766,0,-.766,.643,0,0,0,1);es="Quart";ed="Out";};["Left Arm"]={tm=.0169;cf=cfr(0,0,0,1,0,0,0,.998,.058,0,-.058,.998);es="Quart";ed="Out";};};{tm=.35;["Torso"]={tm=.0170;cf=cfr(0,0,0,1,0,0,0,1,-.027,0,.027,1);es="Linear";ed="In";};["Right Arm"]={tm=.0170;cf=cfr(0,0,0,1,0,0,0,.963,.269,0,-.269,.963);es="Linear";ed="In";};["Right Leg"]={tm=.0170;cf=cfr(.643,.296,0,1,-.028,0,.028,1,0,0,0,1);es="Linear";ed="In";};["Left Arm"]={tm=.0170;cf=cfr(0,0,0,1,0,0,0,.998,.068,0,-.068,.998);es="Linear";ed="In";};};{tm=.367;["Torso"]={tm=.0160;cf=cfr(0,0,0,1,0,0,0,1,.016,0,-.016,1);es="Linear";ed="In";};["Right Arm"]={tm=.0160;cf=cfr(0,0,0,1,0,0,0,.955,.297,0,-.297,.955);es="Linear";ed="In";};["Right Leg"]={tm=.0160;cf=cfr(.643,.296,0,.782,-.623,0,.623,.782,0,0,0,1);es="Linear";ed="In";};["Left Arm"]={tm=.0160;cf=cfr(0,0,0,1,0,0,0,.997,.075,0,-.075,.997);es="Linear";ed="In";};};{tm=.383;["Torso"]={tm=.0170;cf=cfr(0,0,0,1,0,0,0,.999,.045,0,-.045,.999);es="Linear";ed="In";};["Right Arm"]={tm=.0170;cf=cfr(0,0,0,1,0,0,0,.949,.316,0,-.316,.949);es="Linear";ed="In";};["Right Leg"]={tm=.0170;cf=cfr(.643,.296,0,.439,-.899,0,.899,.439,0,0,0,1);es="Linear";ed="In";};["Left Arm"]={tm=.0170;cf=cfr(0,0,0,1,0,0,0,.997,.08,0,-.08,.997);es="Linear";ed="In";};};{tm=.4;["Torso"]={tm=.0169;cf=cfr(0,0,0,1,0,0,0,.998,.065,0,-.065,.998);es="Linear";ed="In";};["Right Arm"]={tm=.0169;cf=cfr(0,0,0,1,0,0,0,.945,.328,0,-.328,.945);es="Linear";ed="In";};["Right Leg"]={tm=.0169;cf=cfr(.643,.296,0,.164,-.986,0,.986,.164,0,0,0,1);es="Linear";ed="In";};["Left Arm"]={tm=.0169;cf=cfr(0,0,0,1,0,0,0,.997,.083,0,-.083,.997);es="Linear";ed="In";};};{tm=.417;["Torso"]={tm=.0160;cf=cfr(0,0,0,1,0,0,0,.997,.076,0,-.076,.997);es="Linear";ed="In";};["Right Arm"]={tm=.0160;cf=cfr(0,0,0,1,0,0,0,.942,.335,0,-.335,.942);es="Linear";ed="In";};["Right Leg"]={tm=.0160;cf=cfr(.643,.296,0,-.011,-1,0,1,-.011,0,0,0,1);es="Linear";ed="In";};["Left Arm"]={tm=.0160;cf=cfr(0,0,0,1,0,0,0,.996,.085,0,-.085,.996);es="Linear";ed="In";};};{tm=.433;["Torso"]={tm=.0170;cf=cfr(0,0,0,1,0,0,0,.997,.083,0,-.083,.997);es="Linear";ed="In";};["Right Arm"]={tm=.0170;cf=cfr(0,0,0,1,0,0,0,.941,.339,0,-.339,.941);es="Linear";ed="In";};["Right Leg"]={tm=.0170;cf=cfr(.643,.296,0,-.107,-.994,0,.994,-.107,0,0,0,1);es="Linear";ed="In";};["Left Arm"]={tm=.0170;cf=cfr(0,0,0,1,0,0,0,.996,.086,0,-.086,.996);es="Linear";ed="In";};};{tm=.45;["Torso"]={tm=.0170;cf=cfr(0,0,0,1,0,0,0,.996,.086,0,-.086,.996);es="Linear";ed="In";};["Right Arm"]={tm=.0170;cf=cfr(0,0,0,1,0,0,0,.94,.341,0,-.341,.94);es="Linear";ed="In";};["Right Leg"]={tm=.0170;cf=cfr(.643,.296,0,-.153,-.988,0,.988,-.153,0,0,0,1);es="Linear";ed="In";};["Left Arm"]={tm=.0170;cf=cfr(0,0,0,1,0,0,0,.996,.087,0,-.087,.996);es="Linear";ed="In";};};{tm=.467;["Torso"]={tm=.0159;cf=cfr(0,0,0,1,0,0,0,.996,.087,0,-.087,.996);es="Linear";ed="In";};["Right Arm"]={tm=.0159;cf=cfr(0,0,0,1,0,0,0,.94,.342,0,-.342,.94);es="Linear";ed="In";};["Right Leg"]={tm=.0159;cf=cfr(.643,.296,0,-.17,-.986,0,.986,-.17,0,0,0,1);es="Linear";ed="In";};["Left Arm"]={tm=.0159;cf=cfr(0,0,0,1,0,0,0,.996,.087,0,-.087,.996);es="Linear";ed="In";};};{tm=.483;["Torso"]={tm=.0170;cf=cfr(0,0,0,1,0,0,0,.996,.087,0,-.087,.996);es="Linear";ed="In";};["Right Arm"]={tm=.0170;cf=cfr(0,0,0,1,0,0,0,.94,.342,0,-.342,.94);es="Linear";ed="In";};["Right Leg"]={tm=.0170;cf=cfr(.643,.296,0,-.173,-.985,0,.985,-.173,0,0,0,1);es="Linear";ed="In";};["Left Arm"]={tm=.0170;cf=cfr(0,0,0,1,0,0,0,.996,.087,0,-.087,.996);es="Linear";ed="In";};};{tm=.5;["Torso"]={tm=0;cf=cfr(0,0,0,1,0,0,0,.996,.087,0,-.087,.996);es="Sine";ed="InOut";};["Right Arm"]={tm=0;cf=cfr(0,0,0,1,0,0,0,.94,.342,0,-.342,.94);es="Sine";ed="InOut";};["Right Leg"]={tm=0;cf=cfr(.643,.296,0,-.174,-.985,0,.985,-.174,0,0,0,1);es="Sine";ed="InOut";};["Left Arm"]={tm=0;cf=cfr(0,0,0,1,0,0,0,.996,.087,0,-.087,.996);es="Sine";ed="InOut";};};}
