-- // converted using mech's animoduler
local cfr = CFrame.new

return {{tm=0;["EnableTrail"]="";["Torso"]={tm=.017;cf=cfr(0,0,0,1,0,0,0,1,0,0,0,1);es="Sine";ed="InOut";};["Head"]={tm=.017;cf=cfr(0,0,0,1,0,0,0,1,0,0,0,1);es="Sine";ed="InOut";};["Right Arm"]={tm=.017;cf=cfr(0,0,0,1,0,0,0,1,0,0,0,1);es="Sine";ed="InOut";};};{tm=.017;["Torso"]={tm=.016;cf=cfr(0,0,0,1,.005,0,-.005,1,0,0,0,1);es="Linear";ed="In";};["Head"]={tm=.016;cf=cfr(0,0,0,1,-.005,0,.005,1,0,0,0,1);es="Linear";ed="In";};["Right Arm"]={tm=.016;cf=cfr(-.015,-.005,-.006,.999,-.037,-.001,.037,.999,-.002,.001,.002,1);es="Linear";ed="In";};};{tm=.033;["Torso"]={tm=.017;cf=cfr(0,0,0,1,.019,0,-.019,1,0,0,0,1);es="Linear";ed="In";};["Head"]={tm=.017;cf=cfr(0,0,0,1,-.019,0,.019,1,0,0,0,1);es="Linear";ed="In";};["Right Arm"]={tm=.017;cf=cfr(-.056,-.017,-.021,.991,-.132,-.003,.132,.991,-.009,.004,.009,1);es="Linear";ed="In";};};{tm=.05;["Torso"]={tm=.017;cf=cfr(0,0,0,.999,.042,0,-.042,.999,0,0,0,1);es="Linear";ed="In";};["Head"]={tm=.017;cf=cfr(0,0,0,.999,-.043,0,.043,.999,0,0,0,1);es="Linear";ed="In";};["Right Arm"]={tm=.017;cf=cfr(-.105,-.031,-.039,.969,-.248,-.004,.248,.969,-.017,.008,.016,1);es="Linear";ed="In";};};{tm=.067;["Torso"]={tm=.016;cf=cfr(0,0,0,.997,.072,0,-.072,.997,0,0,0,1);es="Linear";ed="In";};["Head"]={tm=.016;cf=cfr(0,0,0,.997,-.074,0,.074,.997,0,0,0,1);es="Linear";ed="In";};["Right Arm"]={tm=.016;cf=cfr(-.146,-.043,-.054,.941,-.339,-.005,.339,.94,-.024,.012,.021,1);es="Linear";ed="In";};};{tm=.083;["Torso"]={tm=.017;cf=cfr(0,0,0,.994,.109,0,-.109,.994,0,0,0,1);es="Linear";ed="In";};["Head"]={tm=.017;cf=cfr(0,0,0,.994,-.112,0,.112,.994,0,0,0,1);es="Linear";ed="In";};["Right Arm"]={tm=.017;cf=cfr(-.161,-.048,-.06,.928,-.374,-.004,.373,.927,-.027,.014,.023,1);es="Sine";ed="InOut";};};{tm=.1;["Torso"]={tm=.017;cf=cfr(0,0,0,.989,.15,0,-.15,.989,0,0,0,1);es="Linear";ed="In";};["Head"]={tm=.017;cf=cfr(0,0,0,.988,-.154,0,.154,.988,0,0,0,1);es="Linear";ed="In";};["Right Arm"]={tm=.017;cf=cfr(-.184,-.055,-.068,.803,-.595,-.01,.595,.803,-.024,.023,.013,1);es="Linear";ed="In";};};{tm=.117;["Torso"]={tm=.016;cf=cfr(0,0,0,.981,.194,0,-.194,.981,0,0,0,1);es="Linear";ed="In";};["Head"]={tm=.016;cf=cfr(0,0,0,.98,-.199,0,.199,.98,0,0,0,1);es="Linear";ed="In";};["Right Arm"]={tm=.016;cf=cfr(-.244,-.073,-.091,.263,-.964,-.026,.964,.263,-.026,.032,-.019,.999);es="Linear";ed="In";};};{tm=.133;["Torso"]={tm=.0169;cf=cfr(0,0,0,.971,.239,0,-.239,.971,0,0,0,1);es="Linear";ed="In";};["Head"]={tm=.0169;cf=cfr(0,0,0,.97,-.244,0,.244,.97,0,0,0,1);es="Linear";ed="In";};["Right Arm"]={tm=.0169;cf=cfr(-.319,-.095,-.118,-.53,-.847,-.04,.848,-.529,-.041,.013,-.055,.998);es="Linear";ed="In";};};{tm=.15;["Torso"]={tm=.0170;cf=cfr(0,0,0,.959,.282,0,-.282,.959,0,0,0,1);es="Linear";ed="In";};["Head"]={tm=.0170;cf=cfr(0,0,0,.957,-.289,0,.289,.957,0,0,0,1);es="Linear";ed="In";};["Right Arm"]={tm=.0170;cf=cfr(-.379,-.113,-.141,-.941,-.337,-.04,.339,-.939,-.057,-.018,-.067,.998);es="Linear";ed="In";};};{tm=.167;["Torso"]={tm=.0159;cf=cfr(0,0,0,.947,.321,0,-.321,.947,0,0,0,1);es="Linear";ed="In";};["Head"]={tm=.0159;cf=cfr(0,0,0,.944,-.329,0,.329,.944,0,0,0,1);es="Linear";ed="In";};["Right Arm"]={tm=.0159;cf=cfr(-.402,-.12,-.149,-.995,-.089,-.037,.091,-.994,-.062,-.031,-.065,.997);es="Sine";ed="InOut";};};{tm=.183;["Torso"]={tm=.0170;cf=cfr(0,0,0,.934,.356,0,-.356,.934,0,0,0,1);es="Linear";ed="In";};["Head"]={tm=.0170;cf=cfr(0,0,0,.931,-.365,0,.365,.931,0,0,0,1);es="Linear";ed="In";};["Right Arm"]={tm=.0170;cf=cfr(-.425,-.127,-.158,-.999,-.034,-.039,.037,-.998,-.059,-.037,-.06,.998);es="Linear";ed="In";};};{tm=.2;["Torso"]={tm=.0169;cf=cfr(0,0,0,.923,.385,0,-.385,.923,0,0,0,1);es="Linear";ed="In";};["Head"]={tm=.0169;cf=cfr(0,0,0,.919,-.394,0,.394,.919,0,0,0,1);es="Linear";ed="In";};["Right Arm"]={tm=.0169;cf=cfr(-.486,-.145,-.18,-.993,.109,-.048,-.106,-.993,-.049,-.053,-.044,.998);es="Linear";ed="In";};};{tm=.217;["Torso"]={tm=.0160;cf=cfr(0,0,0,.914,.405,0,-.405,.914,0,0,0,1);es="Linear";ed="In";};["Head"]={tm=.0160;cf=cfr(0,0,0,.91,-.415,0,.415,.91,0,0,0,1);es="Linear";ed="In";};["Right Arm"]={tm=.0160;cf=cfr(-.56,-.167,-.208,-.958,.281,-.059,-.279,-.959,-.04,-.068,-.022,.997);es="Linear";ed="In";};};{tm=.233;["Torso"]={tm=.0169;cf=cfr(0,0,0,.908,.418,0,-.418,.908,0,0,0,1);es="Linear";ed="In";};["Head"]={tm=.0169;cf=cfr(0,0,0,.904,-.428,0,.428,.904,0,0,0,1);es="Linear";ed="In";};["Right Arm"]={tm=.0169;cf=cfr(-.621,-.185,-.23,-.907,.415,-.07,-.414,-.91,-.034,-.077,-.002,.997);es="Linear";ed="In";};};{tm=.25;["PauseAndFlash"]="";["Torso"]={tm=.0170;cf=cfr(0,0,0,.906,.423,0,-.423,.906,0,0,0,1);es="Sine";ed="InOut";};["Head"]={tm=.0170;cf=cfr(0,0,0,.902,-.432,0,.432,.902,0,0,0,1);es="Sine";ed="InOut";};["Right Arm"]={tm=.0170;cf=cfr(-.644,-.192,-.239,-.883,.464,-.074,-.463,-.886,-.032,-.08,.006,.997);es="Sine";ed="InOut";};};{tm=.267;["Torso"]={tm=.0159;cf=cfr(0,0,0,.944,.33,0,-.33,.944,0,0,0,1);es="Linear";ed="In";};["Head"]={tm=.0159;cf=cfr(0,0,0,.94,-.341,0,.341,.94,0,0,0,1);es="Linear";ed="In";};["Right Arm"]={tm=.0159;cf=cfr(-.489,-.192,-.308,-.965,.255,.057,-.257,-.965,-.043,.044,-.056,.997);es="Linear";ed="In";};};{tm=.283;["Torso"]={tm=.0170;cf=cfr(0,0,0,.997,.074,0,-.074,.997,0,0,0,1);es="Linear";ed="In";};["Head"]={tm=.0170;cf=cfr(0,0,0,.996,-.087,0,.087,.996,0,0,0,1);es="Linear";ed="In";};["Right Arm"]={tm=.0170;cf=cfr(-.086,-.192,-.491,-.873,-.342,.347,.289,-.937,-.197,.393,-.072,.917);es="Linear";ed="In";};};{tm=.3;["Torso"]={tm=.0170;cf=cfr(0,0,0,.969,-.247,0,.247,.969,0,0,0,1);es="Linear";ed="In";};["Head"]={tm=.0170;cf=cfr(0,0,0,.972,.233,0,-.233,.972,0,0,0,1);es="Linear";ed="In";};["Right Arm"]={tm=.0170;cf=cfr(.413,-.192,-.717,-.244,-.856,.456,.691,-.484,-.538,.681,.184,.709);es="Linear";ed="In";};};{tm=.317;["Torso"]={tm=.0160;cf=cfr(0,0,0,.872,-.489,0,.489,.872,0,0,0,1);es="Linear";ed="In";};["Head"]={tm=.0160;cf=cfr(0,0,0,.88,.476,0,-.476,.88,0,0,0,1);es="Linear";ed="In";};["Right Arm"]={tm=.0160;cf=cfr(.817,-.192,-.9,.406,-.865,.295,.619,.023,-.785,.672,.502,.544);es="Linear";ed="In";};};{tm=.333;["DisableTrail"]="";["Torso"]={tm=0;cf=cfr(0,0,0,.819,-.574,0,.574,.819,0,0,0,1);es="Sine";ed="InOut";};["Head"]={tm=0;cf=cfr(0,0,0,.828,.561,0,-.561,.828,0,0,0,1);es="Sine";ed="InOut";};["Right Arm"]={tm=0;cf=cfr(.971,-.192,-.97,.62,-.762,.187,.497,.196,-.845,.608,.617,.5);es="Sine";ed="InOut";};};}
