-- // converted using mech's animoduler
local cfr = CFrame.new

return {{tm=0;["Torso"]={tm=.017;cf=cfr(0,0,0,1,0,0,0,1,0,0,0,1);es="Sine";ed="InOut";};["Head"]={tm=.017;cf=cfr(0,0,0,1,0,0,0,1,0,0,0,1);es="Sine";ed="InOut";};["Right Arm"]={tm=.017;cf=cfr(.125,-.623,-.08,.277,-.896,.346,.928,.343,.146,-.249,.281,.927);es="Linear";ed="In";};};{tm=.017;["Torso"]={tm=.016;cf=cfr(0,0,0,1,0,0,0,1,0,0,0,1);es="Linear";ed="In";};["Head"]={tm=.016;cf=cfr(0,0,0,1,0,0,0,1,0,0,0,1);es="Linear";ed="In";};["Right Arm"]={tm=.016;cf=cfr(.125,-.623,-.08,.277,-.896,.346,.928,.343,.146,-.249,.281,.927);es="Linear";ed="In";};};{tm=.033;["Torso"]={tm=.017;cf=cfr(0,0,0,1,0,0,0,1,0,0,0,1);es="Linear";ed="In";};["Head"]={tm=.017;cf=cfr(0,0,0,1,0,0,0,1,0,0,0,1);es="Linear";ed="In";};["Right Arm"]={tm=.017;cf=cfr(.125,-.623,-.08,.277,-.896,.346,.928,.343,.146,-.249,.281,.927);es="Linear";ed="In";};};{tm=.05;["Torso"]={tm=.017;cf=cfr(0,0,0,1,0,0,0,1,0,0,0,1);es="Linear";ed="In";};["Head"]={tm=.017;cf=cfr(0,0,0,1,0,0,0,1,0,0,0,1);es="Linear";ed="In";};["Right Arm"]={tm=.017;cf=cfr(.125,-.623,-.08,.277,-.896,.346,.928,.343,.146,-.249,.281,.927);es="Linear";ed="In";};};{tm=.067;["Torso"]={tm=.016;cf=cfr(0,0,0,1,0,0,0,1,0,0,0,1);es="Linear";ed="In";};["Head"]={tm=.016;cf=cfr(0,0,0,1,0,0,0,1,0,0,0,1);es="Linear";ed="In";};["Right Arm"]={tm=.016;cf=cfr(.125,-.623,-.08,.277,-.896,.346,.928,.343,.146,-.249,.281,.927);es="Linear";ed="In";};};{tm=.083;["Torso"]={tm=.017;cf=cfr(0,0,0,1,0,0,0,1,0,0,0,1);es="Linear";ed="In";};["Head"]={tm=.017;cf=cfr(0,0,0,1,0,0,0,1,0,0,0,1);es="Linear";ed="In";};["Right Arm"]={tm=.017;cf=cfr(.125,-.623,-.08,.277,-.896,.346,.928,.343,.146,-.249,.281,.927);es="Linear";ed="In";};};{tm=.1;["Torso"]={tm=.017;cf=cfr(0,0,0,1,0,0,0,1,0,0,0,1);es="Linear";ed="In";};["Head"]={tm=.017;cf=cfr(0,0,0,1,0,0,0,1,0,0,0,1);es="Linear";ed="In";};["Right Arm"]={tm=.017;cf=cfr(.125,-.623,-.08,.277,-.896,.346,.928,.343,.146,-.249,.281,.927);es="Linear";ed="In";};};{tm=.117;["Torso"]={tm=.016;cf=cfr(0,0,0,1,0,0,0,1,0,0,0,1);es="Linear";ed="In";};["Head"]={tm=.016;cf=cfr(0,0,0,1,0,0,0,1,0,0,0,1);es="Linear";ed="In";};["Right Arm"]={tm=.016;cf=cfr(.125,-.623,-.079,.277,-.896,.346,.928,.343,.146,-.249,.281,.927);es="Linear";ed="In";};};{tm=.133;["Torso"]={tm=.0169;cf=cfr(0,0,0,1,0,0,0,1,0,0,0,1);es="Linear";ed="In";};["Head"]={tm=.0169;cf=cfr(0,0,0,1,0,0,0,1,0,0,0,1);es="Linear";ed="In";};["Right Arm"]={tm=.0169;cf=cfr(.125,-.623,-.079,.277,-.896,.346,.928,.343,.146,-.249,.281,.927);es="Linear";ed="In";};};{tm=.15;["Torso"]={tm=.0170;cf=cfr(0,0,0,1,0,0,0,1,0,0,0,1);es="Linear";ed="In";};["Head"]={tm=.0170;cf=cfr(0,0,0,1,0,0,0,1,0,0,0,1);es="Linear";ed="In";};["Right Arm"]={tm=.0170;cf=cfr(.125,-.622,-.079,.277,-.896,.346,.928,.343,.146,-.249,.281,.927);es="Linear";ed="In";};};{tm=.167;["Torso"]={tm=.0159;cf=cfr(0,0,0,1,0,0,0,1,0,0,0,1);es="Linear";ed="In";};["Head"]={tm=.0159;cf=cfr(0,0,0,1,0,0,0,1,0,0,0,1);es="Linear";ed="In";};["Right Arm"]={tm=.0159;cf=cfr(.125,-.622,-.079,.277,-.896,.346,.928,.343,.146,-.249,.281,.927);es="Linear";ed="In";};};{tm=.183;["Torso"]={tm=.0170;cf=cfr(0,0,0,1,0,0,0,1,0,0,0,1);es="Linear";ed="In";};["Head"]={tm=.0170;cf=cfr(0,0,0,1,0,0,0,1,0,0,0,1);es="Linear";ed="In";};["Right Arm"]={tm=.0170;cf=cfr(.125,-.622,-.078,.277,-.896,.346,.928,.343,.146,-.249,.281,.927);es="Linear";ed="In";};};{tm=.2;["Torso"]={tm=.0169;cf=cfr(0,0,0,1,0,0,0,1,0,0,0,1);es="Linear";ed="In";};["Head"]={tm=.0169;cf=cfr(0,0,0,1,0,0,0,1,0,0,0,1);es="Linear";ed="In";};["Right Arm"]={tm=.0169;cf=cfr(.125,-.622,-.078,.277,-.896,.346,.928,.343,.146,-.249,.281,.927);es="Linear";ed="In";};};{tm=.217;["Torso"]={tm=.0160;cf=cfr(0,0,0,1,0,0,0,1,0,0,0,1);es="Linear";ed="In";};["Head"]={tm=.0160;cf=cfr(0,0,0,1,0,0,0,1,0,0,0,1);es="Linear";ed="In";};["Right Arm"]={tm=.0160;cf=cfr(.125,-.621,-.077,.277,-.896,.346,.928,.343,.146,-.249,.281,.927);es="Linear";ed="In";};};{tm=.233;["Torso"]={tm=.0169;cf=cfr(0,0,0,1,0,0,0,1,0,0,0,1);es="Linear";ed="In";};["Head"]={tm=.0169;cf=cfr(0,0,0,1,0,0,0,1,0,0,0,1);es="Linear";ed="In";};["Right Arm"]={tm=.0169;cf=cfr(.125,-.621,-.077,.277,-.896,.346,.928,.343,.146,-.249,.281,.927);es="Linear";ed="In";};};{tm=.25;["Torso"]={tm=.0170;cf=cfr(0,0,0,1,0,0,0,1,0,0,0,1);es="Linear";ed="In";};["Head"]={tm=.0170;cf=cfr(0,0,0,1,0,0,0,1,0,0,0,1);es="Linear";ed="In";};["Right Arm"]={tm=.0170;cf=cfr(.125,-.621,-.077,.277,-.896,.346,.928,.343,.146,-.249,.281,.927);es="Linear";ed="In";};};{tm=.267;["Torso"]={tm=.0159;cf=cfr(0,0,0,1,0,0,0,1,0,0,0,1);es="Linear";ed="In";};["Head"]={tm=.0159;cf=cfr(0,0,0,1,0,0,0,1,0,0,0,1);es="Linear";ed="In";};["Right Arm"]={tm=.0159;cf=cfr(.125,-.62,-.076,.277,-.896,.346,.928,.343,.146,-.249,.281,.927);es="Linear";ed="In";};};{tm=.283;["Torso"]={tm=.0170;cf=cfr(0,0,0,1,0,0,0,1,0,0,0,1);es="Linear";ed="In";};["Head"]={tm=.0170;cf=cfr(0,0,0,1,0,0,0,1,0,0,0,1);es="Linear";ed="In";};["Right Arm"]={tm=.0170;cf=cfr(.125,-.62,-.076,.277,-.896,.346,.928,.343,.146,-.249,.281,.927);es="Linear";ed="In";};};{tm=.3;["Torso"]={tm=.0170;cf=cfr(0,0,0,1,0,0,0,1,0,0,0,1);es="Linear";ed="In";};["Head"]={tm=.0170;cf=cfr(0,0,0,1,0,0,0,1,0,0,0,1);es="Linear";ed="In";};["Right Arm"]={tm=.0170;cf=cfr(.125,-.619,-.075,.277,-.896,.346,.928,.343,.146,-.249,.281,.927);es="Linear";ed="In";};};{tm=.317;["Torso"]={tm=.0160;cf=cfr(0,0,0,1,0,0,0,1,0,0,0,1);es="Linear";ed="In";};["Head"]={tm=.0160;cf=cfr(0,0,0,1,0,0,0,1,0,0,0,1);es="Linear";ed="In";};["Right Arm"]={tm=.0160;cf=cfr(.125,-.619,-.074,.277,-.896,.346,.928,.343,.146,-.249,.281,.927);es="Linear";ed="In";};};{tm=.333;["Torso"]={tm=.0169;cf=cfr(0,0,0,1,0,0,0,1,0,0,0,1);es="Linear";ed="In";};["Head"]={tm=.0169;cf=cfr(0,0,0,1,0,0,0,1,0,0,0,1);es="Linear";ed="In";};["Right Arm"]={tm=.0169;cf=cfr(.125,-.618,-.074,.277,-.896,.346,.928,.343,.146,-.249,.281,.927);es="Linear";ed="In";};};{tm=.35;["Torso"]={tm=.0170;cf=cfr(0,0,0,1,0,0,0,1,0,0,0,1);es="Linear";ed="In";};["Head"]={tm=.0170;cf=cfr(0,0,0,1,0,0,0,1,0,0,0,1);es="Linear";ed="In";};["Right Arm"]={tm=.0170;cf=cfr(.125,-.618,-.073,.277,-.896,.346,.928,.343,.146,-.249,.281,.927);es="Linear";ed="In";};};{tm=.367;["Torso"]={tm=.0160;cf=cfr(0,0,0,1,0,0,0,1,0,0,0,1);es="Linear";ed="In";};["Head"]={tm=.0160;cf=cfr(0,0,0,1,0,0,0,1,0,0,0,1);es="Linear";ed="In";};["Right Arm"]={tm=.0160;cf=cfr(.125,-.617,-.072,.277,-.896,.346,.928,.343,.146,-.249,.281,.927);es="Linear";ed="In";};};{tm=.383;["Torso"]={tm=.0170;cf=cfr(0,0,0,1,0,0,0,1,0,0,0,1);es="Linear";ed="In";};["Head"]={tm=.0170;cf=cfr(0,0,0,1,0,0,0,1,0,0,0,1);es="Linear";ed="In";};["Right Arm"]={tm=.0170;cf=cfr(.125,-.617,-.072,.277,-.896,.346,.928,.343,.146,-.249,.281,.927);es="Linear";ed="In";};};{tm=.4;["Torso"]={tm=.0169;cf=cfr(0,0,.001,1,0,0,0,1,0,0,0,1);es="Linear";ed="In";};["Head"]={tm=.0169;cf=cfr(0,0,0,1,0,0,0,1,0,0,0,1);es="Linear";ed="In";};["Right Arm"]={tm=.0169;cf=cfr(.125,-.616,-.071,.277,-.896,.346,.928,.343,.146,-.249,.281,.927);es="Linear";ed="In";};};{tm=.417;["Torso"]={tm=.0160;cf=cfr(0,0,.001,1,0,0,0,1,0,0,0,1);es="Linear";ed="In";};["Head"]={tm=.0160;cf=cfr(0,0,0,1,0,0,0,1,0,0,0,1);es="Linear";ed="In";};["Right Arm"]={tm=.0160;cf=cfr(.125,-.616,-.07,.277,-.896,.346,.928,.343,.146,-.249,.281,.927);es="Linear";ed="In";};};{tm=.433;["Torso"]={tm=.0170;cf=cfr(0,0,.001,1,0,0,0,1,0,0,0,1);es="Linear";ed="In";};["Head"]={tm=.0170;cf=cfr(0,0,0,1,0,0,0,1,0,0,0,1);es="Linear";ed="In";};["Right Arm"]={tm=.0170;cf=cfr(.125,-.615,-.07,.277,-.896,.346,.928,.343,.146,-.249,.281,.927);es="Linear";ed="In";};};{tm=.45;["Torso"]={tm=.0170;cf=cfr(0,0,.001,1,0,0,0,1,0,0,0,1);es="Linear";ed="In";};["Head"]={tm=.0170;cf=cfr(0,0,0,1,0,0,0,1,0,0,0,1);es="Linear";ed="In";};["Right Arm"]={tm=.0170;cf=cfr(.125,-.615,-.069,.277,-.896,.346,.928,.343,.146,-.249,.281,.927);es="Linear";ed="In";};};{tm=.467;["Torso"]={tm=.0159;cf=cfr(0,0,.001,1,0,0,0,1,0,0,0,1);es="Linear";ed="In";};["Head"]={tm=.0159;cf=cfr(0,0,0,1,0,0,0,1,0,0,0,1);es="Linear";ed="In";};["Right Arm"]={tm=.0159;cf=cfr(.125,-.614,-.068,.277,-.896,.346,.928,.343,.146,-.249,.281,.927);es="Linear";ed="In";};};{tm=.483;["Torso"]={tm=.0170;cf=cfr(0,0,.001,1,0,0,0,1,0,0,0,1);es="Linear";ed="In";};["Head"]={tm=.0170;cf=cfr(0,0,0,1,0,0,0,1,0,0,0,1);es="Linear";ed="In";};["Right Arm"]={tm=.0170;cf=cfr(.125,-.613,-.067,.277,-.896,.346,.928,.343,.146,-.249,.281,.927);es="Linear";ed="In";};};{tm=.5;["Torso"]={tm=.0170;cf=cfr(0,0,.001,1,0,0,0,1,0,0,0,1);es="Linear";ed="In";};["Head"]={tm=.0170;cf=cfr(0,0,0,1,0,0,0,1,0,0,0,1);es="Linear";ed="In";};["Right Arm"]={tm=.0170;cf=cfr(.125,-.613,-.066,.277,-.896,.346,.928,.343,.146,-.249,.281,.927);es="Linear";ed="In";};};{tm=.517;["Torso"]={tm=.0160;cf=cfr(0,0,.001,1,0,0,0,1,0,0,0,1);es="Linear";ed="In";};["Head"]={tm=.0160;cf=cfr(0,0,0,1,0,0,0,1,0,0,0,1);es="Linear";ed="In";};["Right Arm"]={tm=.0160;cf=cfr(.125,-.612,-.065,.277,-.896,.346,.928,.343,.146,-.249,.281,.927);es="Linear";ed="In";};};{tm=.533;["Torso"]={tm=.0170;cf=cfr(0,0,.001,1,0,0,0,1,0,0,0,1);es="Linear";ed="In";};["Head"]={tm=.0170;cf=cfr(0,0,0,1,0,0,0,1,0,0,0,1);es="Linear";ed="In";};["Right Arm"]={tm=.0170;cf=cfr(.125,-.611,-.064,.277,-.896,.346,.928,.343,.146,-.249,.281,.927);es="Linear";ed="In";};};{tm=.55;["Torso"]={tm=.0169;cf=cfr(0,0,.001,1,0,0,0,1,0,0,0,1);es="Linear";ed="In";};["Head"]={tm=.0169;cf=cfr(0,0,0,1,0,0,0,1,0,0,0,1);es="Linear";ed="In";};["Right Arm"]={tm=.0169;cf=cfr(.125,-.611,-.063,.277,-.896,.346,.928,.343,.146,-.249,.281,.927);es="Linear";ed="In";};};{tm=.567;["Torso"]={tm=.0160;cf=cfr(0,0,.001,1,0,0,0,1,0,0,0,1);es="Linear";ed="In";};["Head"]={tm=.0160;cf=cfr(0,0,0,1,0,0,0,1,0,0,0,1);es="Linear";ed="In";};["Right Arm"]={tm=.0160;cf=cfr(.125,-.61,-.062,.277,-.896,.346,.928,.343,.146,-.249,.281,.927);es="Linear";ed="In";};};{tm=.583;["Torso"]={tm=.0170;cf=cfr(0,0,.001,1,0,0,0,1,0,0,0,1);es="Linear";ed="In";};["Head"]={tm=.0170;cf=cfr(0,0,0,1,0,0,0,1,0,0,0,1);es="Linear";ed="In";};["Right Arm"]={tm=.0170;cf=cfr(.125,-.609,-.061,.277,-.896,.346,.928,.343,.146,-.249,.281,.927);es="Linear";ed="In";};};{tm=.6;["Torso"]={tm=.0170;cf=cfr(0,0,.001,1,0,0,0,1,0,0,0,1);es="Linear";ed="In";};["Head"]={tm=.0170;cf=cfr(0,0,0,1,0,0,0,1,0,0,0,1);es="Linear";ed="In";};["Right Arm"]={tm=.0170;cf=cfr(.125,-.608,-.06,.277,-.896,.346,.928,.343,.146,-.249,.281,.927);es="Linear";ed="In";};};{tm=.617;["Torso"]={tm=.0160;cf=cfr(0,0,.001,1,0,0,0,1,0,0,0,1);es="Linear";ed="In";};["Head"]={tm=.0160;cf=cfr(0,0,0,1,0,0,0,1,0,0,0,1);es="Linear";ed="In";};["Right Arm"]={tm=.0160;cf=cfr(.125,-.608,-.059,.277,-.896,.346,.928,.343,.146,-.249,.281,.927);es="Linear";ed="In";};};{tm=.633;["Torso"]={tm=.0170;cf=cfr(0,0,.001,1,0,0,0,1,0,0,0,1);es="Linear";ed="In";};["Head"]={tm=.0170;cf=cfr(0,0,0,1,0,0,0,1,0,0,0,1);es="Linear";ed="In";};["Right Arm"]={tm=.0170;cf=cfr(.125,-.607,-.058,.277,-.896,.346,.928,.343,.146,-.249,.281,.927);es="Linear";ed="In";};};{tm=.65;["Torso"]={tm=.0170;cf=cfr(0,0,.001,1,0,0,0,1,0,0,0,1);es="Linear";ed="In";};["Head"]={tm=.0170;cf=cfr(0,0,0,1,0,0,0,1,0,0,0,1);es="Linear";ed="In";};["Right Arm"]={tm=.0170;cf=cfr(.125,-.606,-.057,.277,-.896,.346,.928,.343,.146,-.249,.281,.927);es="Linear";ed="In";};};{tm=.667;["Torso"]={tm=.0160;cf=cfr(0,0,.001,1,0,0,0,1,0,0,0,1);es="Linear";ed="In";};["Head"]={tm=.0160;cf=cfr(0,0,0,1,0,0,0,1,0,0,0,1);es="Linear";ed="In";};["Right Arm"]={tm=.0160;cf=cfr(.125,-.605,-.056,.277,-.896,.346,.928,.343,.146,-.249,.281,.927);es="Linear";ed="In";};};{tm=.683;["Torso"]={tm=.0169;cf=cfr(0,0,.001,1,0,0,0,1,0,0,0,1);es="Linear";ed="In";};["Head"]={tm=.0169;cf=cfr(0,0,0,1,0,0,0,1,0,0,0,1);es="Linear";ed="In";};["Right Arm"]={tm=.0169;cf=cfr(.125,-.604,-.055,.277,-.896,.346,.928,.343,.146,-.249,.281,.927);es="Linear";ed="In";};};{tm=.7;["Torso"]={tm=.0170;cf=cfr(0,0,.002,1,0,0,0,1,0,0,0,1);es="Linear";ed="In";};["Head"]={tm=.0170;cf=cfr(0,0,0,1,0,0,0,1,0,0,0,1);es="Linear";ed="In";};["Right Arm"]={tm=.0170;cf=cfr(.125,-.603,-.054,.277,-.896,.346,.928,.343,.146,-.249,.281,.927);es="Linear";ed="In";};};{tm=.717;["Torso"]={tm=.0160;cf=cfr(0,0,.002,1,0,0,0,1,0,0,0,1);es="Linear";ed="In";};["Head"]={tm=.0160;cf=cfr(0,0,0,1,0,0,0,1,0,0,0,1);es="Linear";ed="In";};["Right Arm"]={tm=.0160;cf=cfr(.125,-.603,-.053,.277,-.896,.346,.928,.343,.146,-.249,.281,.927);es="Linear";ed="In";};};{tm=.733;["Torso"]={tm=.0170;cf=cfr(0,0,.002,1,0,0,0,1,0,0,0,1);es="Linear";ed="In";};["Head"]={tm=.0170;cf=cfr(0,0,0,1,0,0,0,1,0,0,0,1);es="Linear";ed="In";};["Right Arm"]={tm=.0170;cf=cfr(.125,-.602,-.052,.277,-.896,.346,.928,.343,.146,-.249,.281,.927);es="Linear";ed="In";};};{tm=.75;["Torso"]={tm=.0170;cf=cfr(0,0,.002,1,0,0,0,1,0,0,0,1);es="Linear";ed="In";};["Head"]={tm=.0170;cf=cfr(0,0,0,1,0,0,0,1,0,0,0,1);es="Linear";ed="In";};["Right Arm"]={tm=.0170;cf=cfr(.125,-.601,-.051,.277,-.896,.346,.928,.343,.146,-.249,.281,.927);es="Linear";ed="In";};};{tm=.767;["Torso"]={tm=.0160;cf=cfr(0,0,.002,1,0,0,0,1,0,0,0,1);es="Linear";ed="In";};["Head"]={tm=.0160;cf=cfr(0,0,0,1,0,0,0,1,0,0,0,1);es="Linear";ed="In";};["Right Arm"]={tm=.0160;cf=cfr(.125,-.6,-.049,.277,-.896,.346,.928,.343,.146,-.249,.281,.927);es="Linear";ed="In";};};{tm=.783;["Torso"]={tm=.0170;cf=cfr(0,0,.002,1,0,0,0,1,0,0,0,1);es="Linear";ed="In";};["Head"]={tm=.0170;cf=cfr(0,0,0,1,0,0,0,1,0,0,0,1);es="Linear";ed="In";};["Right Arm"]={tm=.0170;cf=cfr(.125,-.599,-.048,.277,-.896,.346,.928,.343,.146,-.249,.281,.927);es="Linear";ed="In";};};{tm=.8;["Torso"]={tm=.0169;cf=cfr(0,0,.002,1,0,0,0,1,0,0,0,1);es="Linear";ed="In";};["Head"]={tm=.0169;cf=cfr(0,0,0,1,0,0,0,1,0,0,0,1);es="Linear";ed="In";};["Right Arm"]={tm=.0169;cf=cfr(.125,-.598,-.047,.277,-.896,.346,.928,.343,.146,-.249,.281,.927);es="Linear";ed="In";};};{tm=.817;["Torso"]={tm=.0160;cf=cfr(0,0,.002,1,0,0,0,1,0,0,0,1);es="Linear";ed="In";};["Head"]={tm=.0160;cf=cfr(0,0,0,1,0,0,0,1,0,0,0,1);es="Linear";ed="In";};["Right Arm"]={tm=.0160;cf=cfr(.125,-.597,-.046,.277,-.896,.346,.928,.343,.146,-.249,.281,.927);es="Linear";ed="In";};};{tm=.833;["Torso"]={tm=.0170;cf=cfr(0,0,.002,1,0,0,0,1,0,0,0,1);es="Linear";ed="In";};["Head"]={tm=.0170;cf=cfr(0,0,0,1,0,0,0,1,0,0,0,1);es="Linear";ed="In";};["Right Arm"]={tm=.0170;cf=cfr(.125,-.596,-.045,.277,-.896,.346,.928,.343,.146,-.249,.281,.927);es="Linear";ed="In";};};{tm=.85;["Torso"]={tm=.0170;cf=cfr(0,0,.002,1,0,0,0,1,0,0,0,1);es="Linear";ed="In";};["Head"]={tm=.0170;cf=cfr(0,0,0,1,0,0,0,1,0,0,0,1);es="Linear";ed="In";};["Right Arm"]={tm=.0170;cf=cfr(.125,-.595,-.043,.277,-.896,.346,.928,.343,.146,-.249,.281,.927);es="Linear";ed="In";};};{tm=.867;["Torso"]={tm=.0160;cf=cfr(0,0,.002,1,0,0,0,1,0,0,0,1);es="Linear";ed="In";};["Head"]={tm=.0160;cf=cfr(0,0,0,1,0,0,0,1,0,0,0,1);es="Linear";ed="In";};["Right Arm"]={tm=.0160;cf=cfr(.125,-.595,-.042,.277,-.896,.346,.928,.343,.146,-.249,.281,.927);es="Linear";ed="In";};};{tm=.883;["Torso"]={tm=.0170;cf=cfr(0,0,.002,1,0,0,0,1,0,0,0,1);es="Linear";ed="In";};["Head"]={tm=.0170;cf=cfr(0,0,0,1,0,0,0,1,0,0,0,1);es="Linear";ed="In";};["Right Arm"]={tm=.0170;cf=cfr(.125,-.594,-.041,.277,-.896,.346,.928,.343,.146,-.249,.281,.927);es="Linear";ed="In";};};{tm=.9;["Torso"]={tm=.0170;cf=cfr(0,0,.003,1,0,0,0,1,0,0,0,1);es="Linear";ed="In";};["Head"]={tm=.0170;cf=cfr(0,0,0,1,0,0,0,1,0,0,0,1);es="Linear";ed="In";};["Right Arm"]={tm=.0170;cf=cfr(.125,-.593,-.04,.277,-.896,.346,.928,.343,.146,-.249,.281,.927);es="Linear";ed="In";};};{tm=.917;["Torso"]={tm=.0160;cf=cfr(0,0,.003,1,0,0,0,1,0,0,0,1);es="Linear";ed="In";};["Head"]={tm=.0160;cf=cfr(0,0,0,1,0,0,0,1,0,0,0,1);es="Linear";ed="In";};["Right Arm"]={tm=.0160;cf=cfr(.125,-.592,-.038,.277,-.896,.346,.928,.343,.146,-.249,.281,.927);es="Linear";ed="In";};};{tm=.933;["Torso"]={tm=.0169;cf=cfr(0,0,.003,1,0,0,0,1,0,0,0,1);es="Linear";ed="In";};["Head"]={tm=.0169;cf=cfr(0,0,0,1,0,0,0,1,0,0,0,1);es="Linear";ed="In";};["Right Arm"]={tm=.0169;cf=cfr(.125,-.591,-.037,.277,-.896,.346,.928,.343,.146,-.249,.281,.927);es="Linear";ed="In";};};{tm=.95;["Torso"]={tm=.0170;cf=cfr(0,0,.003,1,0,0,0,1,0,0,0,1);es="Linear";ed="In";};["Head"]={tm=.0170;cf=cfr(0,0,0,1,0,0,0,1,0,0,0,1);es="Linear";ed="In";};["Right Arm"]={tm=.0170;cf=cfr(.125,-.59,-.036,.277,-.896,.346,.928,.343,.146,-.249,.281,.927);es="Linear";ed="In";};};{tm=.967;["Torso"]={tm=.0160;cf=cfr(0,0,.003,1,0,0,0,1,0,0,0,1);es="Linear";ed="In";};["Head"]={tm=.0160;cf=cfr(0,0,0,1,0,0,0,1,0,0,0,1);es="Linear";ed="In";};["Right Arm"]={tm=.0160;cf=cfr(.125,-.589,-.035,.277,-.896,.346,.928,.343,.146,-.249,.281,.927);es="Linear";ed="In";};};{tm=.983;["Torso"]={tm=.0170;cf=cfr(0,0,.003,1,0,0,0,1,0,0,0,1);es="Linear";ed="In";};["Head"]={tm=.0170;cf=cfr(0,0,0,1,0,0,0,1,0,0,0,1);es="Linear";ed="In";};["Right Arm"]={tm=.0170;cf=cfr(.125,-.588,-.033,.277,-.896,.346,.928,.343,.146,-.249,.281,.927);es="Linear";ed="In";};};{tm=1;["Torso"]={tm=.0169;cf=cfr(0,0,.003,1,0,0,0,1,0,0,0,1);es="Linear";ed="In";};["Head"]={tm=.0169;cf=cfr(0,0,0,1,0,0,0,1,0,0,0,1);es="Linear";ed="In";};["Right Arm"]={tm=.0169;cf=cfr(.125,-.587,-.032,.277,-.896,.346,.928,.343,.146,-.249,.281,.927);es="Linear";ed="In";};};{tm=1.017;["Torso"]={tm=.0160;cf=cfr(0,0,.003,1,0,0,0,1,0,0,0,1);es="Linear";ed="In";};["Head"]={tm=.0160;cf=cfr(0,0,0,1,0,0,0,1,0,0,0,1);es="Linear";ed="In";};["Right Arm"]={tm=.0160;cf=cfr(.125,-.586,-.031,.277,-.896,.346,.928,.343,.146,-.249,.281,.927);es="Linear";ed="In";};};{tm=1.033;["Torso"]={tm=.0170;cf=cfr(0,0,.003,1,0,0,0,1,0,0,0,1);es="Linear";ed="In";};["Head"]={tm=.0170;cf=cfr(0,0,0,1,0,0,0,1,0,0,0,1);es="Linear";ed="In";};["Right Arm"]={tm=.0170;cf=cfr(.125,-.585,-.03,.277,-.896,.346,.928,.343,.146,-.249,.281,.927);es="Linear";ed="In";};};{tm=1.05;["Torso"]={tm=.0169;cf=cfr(0,0,.003,1,0,0,0,1,0,0,0,1);es="Linear";ed="In";};["Head"]={tm=.0169;cf=cfr(0,0,0,1,0,0,0,1,0,0,0,1);es="Linear";ed="In";};["Right Arm"]={tm=.0169;cf=cfr(.125,-.584,-.028,.277,-.896,.346,.928,.343,.146,-.249,.281,.927);es="Linear";ed="In";};};{tm=1.067;["Torso"]={tm=.0160;cf=cfr(0,0,.004,1,0,0,0,1,0,0,0,1);es="Linear";ed="In";};["Head"]={tm=.0160;cf=cfr(0,0,0,1,0,0,0,1,0,0,0,1);es="Linear";ed="In";};["Right Arm"]={tm=.0160;cf=cfr(.125,-.583,-.027,.277,-.896,.346,.928,.343,.146,-.249,.281,.927);es="Linear";ed="In";};};{tm=1.083;["Torso"]={tm=.0170;cf=cfr(0,0,.004,1,0,0,0,1,0,0,0,1);es="Linear";ed="In";};["Head"]={tm=.0170;cf=cfr(0,0,0,1,0,0,0,1,0,0,0,1);es="Linear";ed="In";};["Right Arm"]={tm=.0170;cf=cfr(.125,-.582,-.026,.277,-.896,.346,.928,.343,.146,-.249,.281,.927);es="Linear";ed="In";};};{tm=1.1;["Torso"]={tm=.0169;cf=cfr(0,0,.004,1,0,0,0,1,0,0,0,1);es="Linear";ed="In";};["Head"]={tm=.0169;cf=cfr(0,0,0,1,0,0,0,1,0,0,0,1);es="Linear";ed="In";};["Right Arm"]={tm=.0169;cf=cfr(.125,-.581,-.025,.277,-.896,.346,.928,.343,.146,-.249,.281,.927);es="Linear";ed="In";};};{tm=1.117;["Torso"]={tm=.0160;cf=cfr(0,0,.004,1,0,0,0,1,0,0,0,1);es="Linear";ed="In";};["Head"]={tm=.0160;cf=cfr(0,0,0,1,0,0,0,1,0,0,0,1);es="Linear";ed="In";};["Right Arm"]={tm=.0160;cf=cfr(.125,-.58,-.023,.277,-.896,.346,.928,.343,.146,-.249,.281,.927);es="Linear";ed="In";};};{tm=1.133;["Torso"]={tm=.0169;cf=cfr(0,0,.004,1,0,0,0,1,0,0,0,1);es="Linear";ed="In";};["Head"]={tm=.0169;cf=cfr(0,0,0,1,0,0,0,1,0,0,0,1);es="Linear";ed="In";};["Right Arm"]={tm=.0169;cf=cfr(.125,-.579,-.022,.277,-.896,.346,.928,.343,.146,-.249,.281,.927);es="Linear";ed="In";};};{tm=1.15;["Torso"]={tm=.0170;cf=cfr(0,0,.004,1,0,0,0,1,0,0,0,1);es="Linear";ed="In";};["Head"]={tm=.0170;cf=cfr(0,0,0,1,0,0,0,1,0,0,0,1);es="Linear";ed="In";};["Right Arm"]={tm=.0170;cf=cfr(.125,-.578,-.021,.277,-.896,.346,.928,.343,.146,-.249,.281,.927);es="Linear";ed="In";};};{tm=1.167;["Torso"]={tm=.0160;cf=cfr(0,0,.004,1,0,0,0,1,0,0,0,1);es="Linear";ed="In";};["Head"]={tm=.0160;cf=cfr(0,0,0,1,0,0,0,1,0,0,0,1);es="Linear";ed="In";};["Right Arm"]={tm=.0160;cf=cfr(.125,-.577,-.02,.277,-.896,.346,.928,.343,.146,-.249,.281,.927);es="Linear";ed="In";};};{tm=1.183;["Torso"]={tm=.0169;cf=cfr(0,0,.004,1,0,0,0,1,0,0,0,1);es="Linear";ed="In";};["Head"]={tm=.0169;cf=cfr(0,0,0,1,0,0,0,1,0,0,0,1);es="Linear";ed="In";};["Right Arm"]={tm=.0169;cf=cfr(.125,-.577,-.018,.277,-.896,.346,.928,.343,.146,-.249,.281,.927);es="Linear";ed="In";};};{tm=1.2;["Torso"]={tm=.0170;cf=cfr(0,0,.004,1,0,0,0,1,0,0,0,1);es="Linear";ed="In";};["Head"]={tm=.0170;cf=cfr(0,0,0,1,0,0,0,1,0,0,0,1);es="Linear";ed="In";};["Right Arm"]={tm=.0170;cf=cfr(.125,-.576,-.017,.277,-.896,.346,.928,.343,.146,-.249,.281,.927);es="Linear";ed="In";};};{tm=1.217;["Torso"]={tm=.0160;cf=cfr(0,0,.005,1,0,0,0,1,0,0,0,1);es="Linear";ed="In";};["Head"]={tm=.0160;cf=cfr(0,0,0,1,0,0,0,1,0,0,0,1);es="Linear";ed="In";};["Right Arm"]={tm=.0160;cf=cfr(.125,-.575,-.016,.277,-.896,.346,.928,.343,.146,-.249,.281,.927);es="Linear";ed="In";};};{tm=1.233;["Torso"]={tm=.0169;cf=cfr(0,0,.005,1,0,0,0,1,0,0,0,1);es="Linear";ed="In";};["Head"]={tm=.0169;cf=cfr(0,0,0,1,0,0,0,1,0,0,0,1);es="Linear";ed="In";};["Right Arm"]={tm=.0169;cf=cfr(.125,-.574,-.015,.277,-.896,.346,.928,.343,.146,-.249,.281,.927);es="Linear";ed="In";};};{tm=1.25;["Torso"]={tm=.0169;cf=cfr(0,0,.005,1,0,0,0,1,0,0,0,1);es="Linear";ed="In";};["Head"]={tm=.0169;cf=cfr(0,0,0,1,0,0,0,1,0,0,0,1);es="Linear";ed="In";};["Right Arm"]={tm=.0169;cf=cfr(.125,-.573,-.014,.277,-.896,.346,.928,.343,.146,-.249,.281,.927);es="Linear";ed="In";};};{tm=1.267;["Torso"]={tm=.0160;cf=cfr(0,0,.005,1,0,0,0,1,0,0,0,1);es="Linear";ed="In";};["Head"]={tm=.0160;cf=cfr(0,0,0,1,0,0,0,1,0,0,0,1);es="Linear";ed="In";};["Right Arm"]={tm=.0160;cf=cfr(.125,-.572,-.012,.277,-.896,.346,.928,.343,.146,-.249,.281,.927);es="Linear";ed="In";};};{tm=1.283;["Torso"]={tm=.0170;cf=cfr(0,0,.005,1,0,0,0,1,0,0,0,1);es="Linear";ed="In";};["Head"]={tm=.0170;cf=cfr(0,0,0,1,0,0,0,1,0,0,0,1);es="Linear";ed="In";};["Right Arm"]={tm=.0170;cf=cfr(.125,-.571,-.011,.277,-.896,.346,.928,.343,.146,-.249,.281,.927);es="Linear";ed="In";};};{tm=1.3;["Torso"]={tm=.0169;cf=cfr(0,0,.005,1,0,0,0,1,0,0,0,1);es="Linear";ed="In";};["Head"]={tm=.0169;cf=cfr(0,0,0,1,0,0,0,1,0,0,0,1);es="Linear";ed="In";};["Right Arm"]={tm=.0169;cf=cfr(.125,-.57,-.01,.277,-.896,.346,.928,.343,.146,-.249,.281,.927);es="Linear";ed="In";};};{tm=1.317;["Torso"]={tm=.0160;cf=cfr(0,0,.005,1,0,0,0,1,0,0,0,1);es="Linear";ed="In";};["Head"]={tm=.0160;cf=cfr(0,0,0,1,0,0,0,1,0,0,0,1);es="Linear";ed="In";};["Right Arm"]={tm=.0160;cf=cfr(.125,-.57,-.009,.277,-.896,.346,.928,.343,.146,-.249,.281,.927);es="Linear";ed="In";};};{tm=1.333;["Torso"]={tm=.0170;cf=cfr(0,0,.005,1,0,0,0,1,0,0,0,1);es="Linear";ed="In";};["Head"]={tm=.0170;cf=cfr(0,0,0,1,0,0,0,1,0,0,0,1);es="Linear";ed="In";};["Right Arm"]={tm=.0170;cf=cfr(.125,-.569,-.008,.277,-.896,.346,.928,.343,.146,-.249,.281,.927);es="Linear";ed="In";};};{tm=1.35;["Torso"]={tm=.0169;cf=cfr(0,0,.005,1,0,0,0,1,0,0,0,1);es="Linear";ed="In";};["Head"]={tm=.0169;cf=cfr(0,0,0,1,0,0,0,1,0,0,0,1);es="Linear";ed="In";};["Right Arm"]={tm=.0169;cf=cfr(.125,-.568,-.007,.277,-.896,.346,.928,.343,.146,-.249,.281,.927);es="Linear";ed="In";};};{tm=1.367;["Torso"]={tm=.0160;cf=cfr(0,0,.006,1,0,0,0,1,0,0,0,1);es="Linear";ed="In";};["Head"]={tm=.0160;cf=cfr(0,0,0,1,0,0,0,1,0,0,0,1);es="Linear";ed="In";};["Right Arm"]={tm=.0160;cf=cfr(.125,-.567,-.006,.277,-.896,.346,.928,.343,.146,-.249,.281,.927);es="Linear";ed="In";};};{tm=1.383;["Torso"]={tm=.0169;cf=cfr(0,0,.006,1,0,0,0,1,0,0,0,1);es="Linear";ed="In";};["Head"]={tm=.0169;cf=cfr(0,0,0,1,0,0,0,1,0,0,0,1);es="Linear";ed="In";};["Right Arm"]={tm=.0169;cf=cfr(.125,-.566,-.005,.277,-.896,.346,.928,.343,.146,-.249,.281,.927);es="Linear";ed="In";};};{tm=1.4;["Torso"]={tm=.0170;cf=cfr(0,0,.006,1,0,0,0,1,0,0,0,1);es="Linear";ed="In";};["Head"]={tm=.0170;cf=cfr(0,0,0,1,0,0,0,1,0,0,0,1);es="Linear";ed="In";};["Right Arm"]={tm=.0170;cf=cfr(.125,-.566,-.004,.277,-.896,.346,.928,.343,.146,-.249,.281,.927);es="Linear";ed="In";};};{tm=1.417;["Torso"]={tm=.0160;cf=cfr(0,0,.006,1,0,0,0,1,0,0,0,1);es="Linear";ed="In";};["Head"]={tm=.0160;cf=cfr(0,0,0,1,0,0,0,1,0,0,0,1);es="Linear";ed="In";};["Right Arm"]={tm=.0160;cf=cfr(.125,-.565,-.003,.277,-.896,.346,.928,.343,.146,-.249,.281,.927);es="Linear";ed="In";};};{tm=1.433;["Torso"]={tm=.0169;cf=cfr(0,0,.006,1,0,0,0,1,0,0,0,1);es="Linear";ed="In";};["Head"]={tm=.0169;cf=cfr(0,0,0,1,0,0,0,1,0,0,0,1);es="Linear";ed="In";};["Right Arm"]={tm=.0169;cf=cfr(.125,-.564,-.002,.277,-.896,.346,.928,.343,.146,-.249,.281,.927);es="Linear";ed="In";};};{tm=1.45;["Torso"]={tm=.0170;cf=cfr(0,0,.006,1,0,0,0,1,0,0,0,1);es="Linear";ed="In";};["Head"]={tm=.0170;cf=cfr(0,0,0,1,0,0,0,1,0,0,0,1);es="Linear";ed="In";};["Right Arm"]={tm=.0170;cf=cfr(.125,-.563,-.001,.277,-.896,.346,.928,.343,.146,-.249,.281,.927);es="Linear";ed="In";};};{tm=1.467;["Torso"]={tm=.0160;cf=cfr(0,0,.006,1,0,0,0,1,0,0,0,1);es="Linear";ed="In";};["Head"]={tm=.0160;cf=cfr(0,0,0,1,0,0,0,1,0,0,0,1);es="Linear";ed="In";};["Right Arm"]={tm=.0160;cf=cfr(.125,-.563,0,.277,-.896,.346,.928,.343,.146,-.249,.281,.927);es="Linear";ed="In";};};{tm=1.483;["Torso"]={tm=.0169;cf=cfr(0,0,.006,1,0,0,0,1,0,0,0,1);es="Linear";ed="In";};["Head"]={tm=.0169;cf=cfr(0,0,0,1,0,0,0,1,0,0,0,1);es="Linear";ed="In";};["Right Arm"]={tm=.0169;cf=cfr(.125,-.562,.001,.277,-.896,.346,.928,.343,.146,-.249,.281,.927);es="Linear";ed="In";};};{tm=1.5;["Torso"]={tm=.0169;cf=cfr(0,0,.007,1,0,0,0,1,0,0,0,1);es="Linear";ed="In";};["Head"]={tm=.0169;cf=cfr(0,0,0,1,0,0,0,1,0,0,0,1);es="Linear";ed="In";};["Right Arm"]={tm=.0169;cf=cfr(.125,-.561,.002,.277,-.896,.346,.928,.343,.146,-.249,.281,.927);es="Linear";ed="In";};};{tm=1.517;["Torso"]={tm=.0160;cf=cfr(0,0,.007,1,0,0,0,1,0,0,0,1);es="Linear";ed="In";};["Head"]={tm=.0160;cf=cfr(0,0,0,1,0,0,0,1,0,0,0,1);es="Linear";ed="In";};["Right Arm"]={tm=.0160;cf=cfr(.125,-.56,.003,.277,-.896,.346,.928,.343,.146,-.249,.281,.927);es="Linear";ed="In";};};{tm=1.533;["Torso"]={tm=.0170;cf=cfr(0,0,.007,1,0,0,0,1,0,0,0,1);es="Linear";ed="In";};["Head"]={tm=.0170;cf=cfr(0,0,0,1,0,0,0,1,0,0,0,1);es="Linear";ed="In";};["Right Arm"]={tm=.0170;cf=cfr(.125,-.56,.004,.277,-.896,.346,.928,.343,.146,-.249,.281,.927);es="Linear";ed="In";};};{tm=1.55;["Torso"]={tm=.0169;cf=cfr(0,0,.007,1,0,0,0,1,0,0,0,1);es="Linear";ed="In";};["Head"]={tm=.0169;cf=cfr(0,0,0,1,0,0,0,1,0,0,0,1);es="Linear";ed="In";};["Right Arm"]={tm=.0169;cf=cfr(.125,-.559,.005,.277,-.896,.346,.928,.343,.146,-.249,.281,.927);es="Linear";ed="In";};};{tm=1.567;["Torso"]={tm=.0160;cf=cfr(0,0,.007,1,0,0,0,1,0,0,0,1);es="Linear";ed="In";};["Head"]={tm=.0160;cf=cfr(0,0,0,1,0,0,0,1,0,0,0,1);es="Linear";ed="In";};["Right Arm"]={tm=.0160;cf=cfr(.125,-.559,.005,.277,-.896,.346,.928,.343,.146,-.249,.281,.927);es="Linear";ed="In";};};{tm=1.583;["Torso"]={tm=.0170;cf=cfr(0,0,.007,1,0,0,0,1,0,0,0,1);es="Linear";ed="In";};["Head"]={tm=.0170;cf=cfr(0,0,0,1,0,0,0,1,0,0,0,1);es="Linear";ed="In";};["Right Arm"]={tm=.0170;cf=cfr(.125,-.558,.006,.277,-.896,.346,.928,.343,.146,-.249,.281,.927);es="Linear";ed="In";};};{tm=1.6;["Torso"]={tm=.0169;cf=cfr(0,0,.007,1,0,0,0,1,0,0,0,1);es="Linear";ed="In";};["Head"]={tm=.0169;cf=cfr(0,0,0,1,0,0,0,1,0,0,0,1);es="Linear";ed="In";};["Right Arm"]={tm=.0169;cf=cfr(.125,-.557,.007,.277,-.896,.346,.928,.343,.146,-.249,.281,.927);es="Linear";ed="In";};};{tm=1.617;["Torso"]={tm=.0160;cf=cfr(0,0,.008,1,0,0,0,1,0,0,0,1);es="Linear";ed="In";};["Head"]={tm=.0160;cf=cfr(0,0,0,1,0,0,0,1,0,0,0,1);es="Linear";ed="In";};["Right Arm"]={tm=.0160;cf=cfr(.125,-.557,.008,.277,-.896,.346,.928,.343,.146,-.249,.281,.927);es="Linear";ed="In";};};{tm=1.633;["Torso"]={tm=.0169;cf=cfr(0,0,.008,1,0,0,0,1,0,0,0,1);es="Linear";ed="In";};["Head"]={tm=.0169;cf=cfr(0,0,0,1,0,0,0,1,0,0,0,1);es="Linear";ed="In";};["Right Arm"]={tm=.0169;cf=cfr(.125,-.556,.008,.277,-.896,.346,.928,.343,.146,-.249,.281,.927);es="Linear";ed="In";};};{tm=1.65;["Torso"]={tm=.0170;cf=cfr(0,0,.008,1,0,0,0,1,0,0,0,1);es="Linear";ed="In";};["Head"]={tm=.0170;cf=cfr(0,0,0,1,0,0,0,1,0,0,0,1);es="Linear";ed="In";};["Right Arm"]={tm=.0170;cf=cfr(.125,-.556,.009,.277,-.896,.346,.928,.343,.146,-.249,.281,.927);es="Linear";ed="In";};};{tm=1.667;["Torso"]={tm=.0160;cf=cfr(0,0,.008,1,0,0,0,1,0,0,0,1);es="Linear";ed="In";};["Head"]={tm=.0160;cf=cfr(0,0,0,1,0,0,0,1,0,0,0,1);es="Linear";ed="In";};["Right Arm"]={tm=.0160;cf=cfr(.125,-.555,.01,.277,-.896,.346,.928,.343,.146,-.249,.281,.927);es="Linear";ed="In";};};{tm=1.683;["Torso"]={tm=.0169;cf=cfr(0,0,.008,1,0,0,0,1,0,0,0,1);es="Linear";ed="In";};["Head"]={tm=.0169;cf=cfr(0,0,0,1,0,0,0,1,0,0,0,1);es="Linear";ed="In";};["Right Arm"]={tm=.0169;cf=cfr(.125,-.555,.01,.277,-.896,.346,.928,.343,.146,-.249,.281,.927);es="Linear";ed="In";};};{tm=1.7;["Torso"]={tm=.0170;cf=cfr(0,0,.008,1,0,0,0,1,0,0,0,1);es="Linear";ed="In";};["Head"]={tm=.0170;cf=cfr(0,0,0,1,0,0,0,1,0,0,0,1);es="Linear";ed="In";};["Right Arm"]={tm=.0170;cf=cfr(.125,-.554,.011,.277,-.896,.346,.928,.343,.146,-.249,.281,.927);es="Linear";ed="In";};};{tm=1.717;["Torso"]={tm=.0160;cf=cfr(0,0,.008,1,0,0,0,1,0,0,0,1);es="Linear";ed="In";};["Head"]={tm=.0160;cf=cfr(0,0,0,1,0,0,0,1,0,0,0,1);es="Linear";ed="In";};["Right Arm"]={tm=.0160;cf=cfr(.125,-.554,.011,.277,-.896,.346,.928,.343,.146,-.249,.281,.927);es="Linear";ed="In";};};{tm=1.733;["Torso"]={tm=.0169;cf=cfr(0,0,.009,1,0,0,0,1,0,0,0,1);es="Linear";ed="In";};["Head"]={tm=.0169;cf=cfr(0,0,0,1,0,0,0,1,0,0,0,1);es="Linear";ed="In";};["Right Arm"]={tm=.0169;cf=cfr(.125,-.554,.012,.277,-.896,.346,.928,.343,.146,-.249,.281,.927);es="Linear";ed="In";};};{tm=1.75;["Torso"]={tm=.0169;cf=cfr(0,0,.009,1,0,0,0,1,0,0,0,1);es="Linear";ed="In";};["Head"]={tm=.0169;cf=cfr(0,0,0,1,0,0,0,1,0,0,0,1);es="Linear";ed="In";};["Right Arm"]={tm=.0169;cf=cfr(.125,-.553,.012,.277,-.896,.346,.928,.343,.146,-.249,.281,.927);es="Linear";ed="In";};};{tm=1.767;["Torso"]={tm=.0160;cf=cfr(0,0,.009,1,0,0,0,1,0,0,0,1);es="Linear";ed="In";};["Head"]={tm=.0160;cf=cfr(0,0,.001,1,0,0,0,1,0,0,0,1);es="Linear";ed="In";};["Right Arm"]={tm=.0160;cf=cfr(.125,-.553,.013,.277,-.896,.346,.928,.343,.146,-.249,.281,.927);es="Linear";ed="In";};};{tm=1.783;["Torso"]={tm=.0170;cf=cfr(0,0,.009,1,0,0,0,1,0,0,0,1);es="Linear";ed="In";};["Head"]={tm=.0170;cf=cfr(0,0,.001,1,0,0,0,1,0,0,0,1);es="Linear";ed="In";};["Right Arm"]={tm=.0170;cf=cfr(.125,-.553,.013,.277,-.896,.346,.928,.343,.146,-.249,.281,.927);es="Linear";ed="In";};};{tm=1.8;["Torso"]={tm=.0169;cf=cfr(0,0,.009,1,0,0,0,1,0,0,0,1);es="Linear";ed="In";};["Head"]={tm=.0169;cf=cfr(0,0,.001,1,0,0,0,1,0,0,0,1);es="Linear";ed="In";};["Right Arm"]={tm=.0169;cf=cfr(.125,-.552,.014,.277,-.896,.346,.928,.343,.146,-.249,.281,.927);es="Linear";ed="In";};};{tm=1.817;["Torso"]={tm=.0160;cf=cfr(0,0,.009,1,0,0,0,1,0,0,0,1);es="Linear";ed="In";};["Head"]={tm=.0160;cf=cfr(0,0,.001,1,0,0,0,1,0,0,0,1);es="Linear";ed="In";};["Right Arm"]={tm=.0160;cf=cfr(.125,-.552,.014,.277,-.896,.346,.928,.343,.146,-.249,.281,.927);es="Linear";ed="In";};};{tm=1.833;["Torso"]={tm=.0170;cf=cfr(0,0,.009,1,0,0,0,1,0,0,0,1);es="Linear";ed="In";};["Head"]={tm=.0170;cf=cfr(0,0,.001,1,0,0,0,1,0,0,0,1);es="Linear";ed="In";};["Right Arm"]={tm=.0170;cf=cfr(.125,-.552,.014,.277,-.896,.346,.928,.343,.146,-.249,.281,.927);es="Linear";ed="In";};};{tm=1.85;["Torso"]={tm=.0169;cf=cfr(0,0,.01,1,0,0,0,1,0,0,0,1);es="Linear";ed="In";};["Head"]={tm=.0169;cf=cfr(0,0,.001,1,0,0,0,1,0,0,0,1);es="Linear";ed="In";};["Right Arm"]={tm=.0169;cf=cfr(.125,-.551,.015,.277,-.896,.346,.928,.343,.146,-.249,.281,.927);es="Linear";ed="In";};};{tm=1.867;["Torso"]={tm=.0160;cf=cfr(0,0,.01,1,0,0,0,1,0,0,0,1);es="Linear";ed="In";};["Head"]={tm=.0160;cf=cfr(0,0,.001,1,0,0,0,1,0,0,0,1);es="Linear";ed="In";};["Right Arm"]={tm=.0160;cf=cfr(.125,-.551,.015,.277,-.896,.346,.928,.343,.146,-.249,.281,.927);es="Linear";ed="In";};};{tm=1.883;["Torso"]={tm=.0169;cf=cfr(0,0,.01,1,0,0,0,1,0,0,0,1);es="Linear";ed="In";};["Head"]={tm=.0169;cf=cfr(0,0,.001,1,0,0,0,1,0,0,0,1);es="Linear";ed="In";};["Right Arm"]={tm=.0169;cf=cfr(.125,-.551,.015,.277,-.896,.346,.928,.343,.146,-.249,.281,.927);es="Linear";ed="In";};};{tm=1.9;["Torso"]={tm=.0170;cf=cfr(0,0,.01,1,0,0,0,1,0,0,0,1);es="Linear";ed="In";};["Head"]={tm=.0170;cf=cfr(0,0,.001,1,0,0,0,1,0,0,0,1);es="Linear";ed="In";};["Right Arm"]={tm=.0170;cf=cfr(.125,-.551,.016,.277,-.896,.346,.928,.343,.146,-.249,.281,.927);es="Linear";ed="In";};};{tm=1.917;["Torso"]={tm=.0160;cf=cfr(0,0,.01,1,0,0,0,1,0,0,0,1);es="Linear";ed="In";};["Head"]={tm=.0160;cf=cfr(0,0,.001,1,0,0,0,1,0,0,0,1);es="Linear";ed="In";};["Right Arm"]={tm=.0160;cf=cfr(.125,-.551,.016,.277,-.896,.346,.928,.343,.146,-.249,.281,.927);es="Linear";ed="In";};};{tm=1.933;["Torso"]={tm=.0169;cf=cfr(0,0,.01,1,0,0,0,1,0,0,0,1);es="Linear";ed="In";};["Head"]={tm=.0169;cf=cfr(0,0,.001,1,0,0,0,1,0,0,0,1);es="Linear";ed="In";};["Right Arm"]={tm=.0169;cf=cfr(.125,-.551,.016,.277,-.896,.346,.928,.343,.146,-.249,.281,.927);es="Linear";ed="In";};};{tm=1.95;["Torso"]={tm=.0170;cf=cfr(0,0,.011,1,0,0,0,1,0,0,0,1);es="Linear";ed="In";};["Head"]={tm=.0170;cf=cfr(0,0,.001,1,0,0,0,1,0,0,0,1);es="Linear";ed="In";};["Right Arm"]={tm=.0170;cf=cfr(.125,-.551,.016,.277,-.896,.346,.928,.343,.146,-.249,.281,.927);es="Linear";ed="In";};};{tm=1.967;["Torso"]={tm=.0160;cf=cfr(0,0,.011,1,0,0,0,1,0,0,0,1);es="Linear";ed="In";};["Head"]={tm=.0160;cf=cfr(0,0,.001,1,0,0,0,1,0,0,0,1);es="Linear";ed="In";};["Right Arm"]={tm=.0160;cf=cfr(.125,-.551,.016,.277,-.896,.346,.928,.343,.146,-.249,.281,.927);es="Linear";ed="In";};};{tm=1.983;["Torso"]={tm=.0169;cf=cfr(0,0,.011,1,0,0,0,1,0,0,0,1);es="Linear";ed="In";};["Head"]={tm=.0169;cf=cfr(0,0,.001,1,0,0,0,1,0,0,0,1);es="Linear";ed="In";};["Right Arm"]={tm=.0169;cf=cfr(.125,-.551,.016,.277,-.896,.346,.928,.343,.146,-.249,.281,.927);es="Linear";ed="In";};};{tm=2;["Torso"]={tm=.0169;cf=cfr(0,0,.011,1,0,0,0,1,0,0,0,1);es="Linear";ed="In";};["Head"]={tm=.0169;cf=cfr(0,0,.001,1,0,0,0,1,0,0,0,1);es="Linear";ed="In";};["Right Arm"]={tm=.0169;cf=cfr(.125,-.55,.016,.277,-.896,.346,.928,.343,.146,-.249,.281,.927);es="Linear";ed="In";};};{tm=2.017;["Torso"]={tm=.0160;cf=cfr(0,0,.011,1,0,0,0,1,0,0,0,1);es="Linear";ed="In";};["Head"]={tm=.0160;cf=cfr(0,0,.001,1,0,0,0,1,0,0,0,1);es="Linear";ed="In";};["Right Arm"]={tm=.0160;cf=cfr(.125,-.55,.016,.277,-.896,.346,.928,.343,.146,-.249,.281,.927);es="Linear";ed="In";};};{tm=2.033;["Torso"]={tm=.0169;cf=cfr(0,0,.011,1,0,0,0,1,0,0,0,1);es="Linear";ed="In";};["Head"]={tm=.0169;cf=cfr(0,0,.001,1,0,0,0,1,0,0,0,1);es="Linear";ed="In";};["Right Arm"]={tm=.0169;cf=cfr(.125,-.55,.016,.277,-.896,.346,.928,.343,.146,-.249,.281,.927);es="Linear";ed="In";};};{tm=2.05;["Torso"]={tm=.0170;cf=cfr(0,0,.011,1,0,0,0,1,0,0,0,1);es="Linear";ed="In";};["Head"]={tm=.0170;cf=cfr(0,0,.001,1,0,0,0,1,0,0,0,1);es="Linear";ed="In";};["Right Arm"]={tm=.0170;cf=cfr(.125,-.55,.016,.277,-.896,.346,.928,.343,.146,-.249,.281,.927);es="Linear";ed="In";};};{tm=2.067;["Torso"]={tm=.0160;cf=cfr(0,0,.012,1,0,0,0,1,0,0,0,1);es="Linear";ed="In";};["Head"]={tm=.0160;cf=cfr(0,0,.001,1,0,0,0,1,0,0,0,1);es="Linear";ed="In";};["Right Arm"]={tm=.0160;cf=cfr(.125,-.55,.016,.277,-.896,.346,.928,.343,.146,-.249,.281,.927);es="Linear";ed="In";};};{tm=2.083;["Torso"]={tm=.0169;cf=cfr(0,0,.012,1,0,0,0,1,0,0,0,1);es="Linear";ed="In";};["Head"]={tm=.0169;cf=cfr(0,0,.001,1,0,0,0,1,0,0,0,1);es="Linear";ed="In";};["Right Arm"]={tm=.0169;cf=cfr(.125,-.55,.016,.277,-.896,.346,.928,.343,.146,-.249,.281,.927);es="Linear";ed="In";};};{tm=2.1;["Torso"]={tm=.0169;cf=cfr(0,0,.012,1,0,0,0,1,0,0,0,1);es="Linear";ed="In";};["Head"]={tm=.0169;cf=cfr(0,0,.001,1,0,0,0,1,0,0,0,1);es="Linear";ed="In";};["Right Arm"]={tm=.0169;cf=cfr(.125,-.55,.016,.277,-.896,.346,.928,.343,.146,-.249,.281,.927);es="Linear";ed="In";};};{tm=2.117;["Torso"]={tm=.0160;cf=cfr(0,0,.012,1,0,0,0,1,0,0,0,1);es="Linear";ed="In";};["Head"]={tm=.0160;cf=cfr(0,0,.001,1,0,0,0,1,0,0,0,1);es="Linear";ed="In";};["Right Arm"]={tm=.0160;cf=cfr(.125,-.55,.016,.277,-.896,.346,.928,.343,.146,-.249,.281,.927);es="Linear";ed="In";};};{tm=2.133;["Torso"]={tm=.0169;cf=cfr(0,0,.012,1,0,0,0,1,0,0,0,1);es="Linear";ed="In";};["Head"]={tm=.0169;cf=cfr(0,0,.001,1,0,0,0,1,0,0,0,1);es="Linear";ed="In";};["Right Arm"]={tm=.0169;cf=cfr(.125,-.55,.016,.277,-.896,.346,.928,.343,.146,-.249,.281,.927);es="Linear";ed="In";};};{tm=2.15;["Torso"]={tm=.0169;cf=cfr(0,0,.012,1,0,0,0,1,0,0,0,1);es="Linear";ed="In";};["Head"]={tm=.0169;cf=cfr(0,0,.001,1,0,0,0,1,0,0,0,1);es="Linear";ed="In";};["Right Arm"]={tm=.0169;cf=cfr(.125,-.55,.016,.277,-.896,.346,.928,.343,.146,-.249,.281,.927);es="Linear";ed="In";};};{tm=2.167;["Torso"]={tm=.0160;cf=cfr(0,0,.012,1,0,0,0,1,0,0,0,1);es="Linear";ed="In";};["Head"]={tm=.0160;cf=cfr(0,0,.001,1,0,0,0,1,0,0,0,1);es="Linear";ed="In";};["Right Arm"]={tm=.0160;cf=cfr(.125,-.55,.015,.277,-.896,.346,.928,.343,.146,-.249,.281,.927);es="Linear";ed="In";};};{tm=2.183;["Torso"]={tm=.0170;cf=cfr(0,0,.013,1,0,0,0,1,0,0,0,1);es="Linear";ed="In";};["Head"]={tm=.0170;cf=cfr(0,0,.001,1,0,0,0,1,0,0,0,1);es="Linear";ed="In";};["Right Arm"]={tm=.0170;cf=cfr(.125,-.549,.015,.277,-.896,.346,.928,.343,.146,-.249,.281,.927);es="Linear";ed="In";};};{tm=2.2;["Torso"]={tm=.0169;cf=cfr(0,0,.013,1,0,0,0,1,0,0,0,1);es="Linear";ed="In";};["Head"]={tm=.0169;cf=cfr(0,0,.001,1,0,0,0,1,0,0,0,1);es="Linear";ed="In";};["Right Arm"]={tm=.0169;cf=cfr(.125,-.549,.015,.277,-.896,.346,.928,.343,.146,-.249,.281,.927);es="Linear";ed="In";};};{tm=2.217;["Torso"]={tm=.0160;cf=cfr(0,0,.013,1,0,0,0,1,0,0,0,1);es="Linear";ed="In";};["Head"]={tm=.0160;cf=cfr(0,0,.001,1,0,0,0,1,0,0,0,1);es="Linear";ed="In";};["Right Arm"]={tm=.0160;cf=cfr(.125,-.549,.015,.277,-.896,.346,.928,.343,.146,-.249,.281,.927);es="Linear";ed="In";};};{tm=2.233;["Torso"]={tm=.0169;cf=cfr(0,0,.013,1,0,0,0,1,0,0,0,1);es="Linear";ed="In";};["Head"]={tm=.0169;cf=cfr(0,0,.001,1,0,0,0,1,0,0,0,1);es="Linear";ed="In";};["Right Arm"]={tm=.0169;cf=cfr(.125,-.549,.015,.277,-.896,.346,.928,.343,.146,-.249,.281,.927);es="Linear";ed="In";};};{tm=2.25;["Torso"]={tm=.0169;cf=cfr(0,0,.013,1,0,0,0,1,0,0,0,1);es="Linear";ed="In";};["Head"]={tm=.0169;cf=cfr(0,0,.001,1,0,0,0,1,0,0,0,1);es="Linear";ed="In";};["Right Arm"]={tm=.0169;cf=cfr(.125,-.549,.014,.277,-.896,.346,.928,.343,.146,-.249,.281,.927);es="Linear";ed="In";};};{tm=2.267;["Torso"]={tm=.0160;cf=cfr(0,0,.013,1,0,0,0,1,0,0,0,1);es="Linear";ed="In";};["Head"]={tm=.0160;cf=cfr(0,0,.001,1,0,0,0,1,0,0,0,1);es="Linear";ed="In";};["Right Arm"]={tm=.0160;cf=cfr(.125,-.548,.014,.277,-.896,.346,.928,.343,.146,-.249,.281,.927);es="Linear";ed="In";};};{tm=2.283;["Torso"]={tm=.0169;cf=cfr(0,0,.014,1,0,0,0,1,0,0,0,1);es="Linear";ed="In";};["Head"]={tm=.0169;cf=cfr(0,0,.001,1,0,0,0,1,0,0,0,1);es="Linear";ed="In";};["Right Arm"]={tm=.0169;cf=cfr(.125,-.548,.014,.277,-.896,.346,.928,.343,.146,-.249,.281,.927);es="Linear";ed="In";};};{tm=2.3;["Torso"]={tm=.0170;cf=cfr(0,0,.014,1,0,0,0,1,0,0,0,1);es="Linear";ed="In";};["Head"]={tm=.0170;cf=cfr(0,0,.001,1,0,0,0,1,0,0,0,1);es="Linear";ed="In";};["Right Arm"]={tm=.0170;cf=cfr(.125,-.548,.014,.277,-.896,.346,.928,.343,.146,-.249,.281,.927);es="Linear";ed="In";};};{tm=2.317;["Torso"]={tm=.0160;cf=cfr(0,0,.014,1,0,0,0,1,0,0,0,1);es="Linear";ed="In";};["Head"]={tm=.0160;cf=cfr(0,0,.001,1,0,0,0,1,0,0,0,1);es="Linear";ed="In";};["Right Arm"]={tm=.0160;cf=cfr(.125,-.548,.013,.277,-.896,.346,.928,.343,.146,-.249,.281,.927);es="Linear";ed="In";};};{tm=2.333;["Torso"]={tm=.0169;cf=cfr(0,0,.014,1,0,0,0,1,0,0,0,1);es="Linear";ed="In";};["Head"]={tm=.0169;cf=cfr(0,0,.001,1,0,0,0,1,0,0,0,1);es="Linear";ed="In";};["Right Arm"]={tm=.0169;cf=cfr(.125,-.547,.013,.277,-.896,.346,.928,.343,.146,-.249,.281,.927);es="Linear";ed="In";};};{tm=2.35;["Torso"]={tm=.0169;cf=cfr(0,0,.014,1,0,0,0,1,0,0,0,1);es="Linear";ed="In";};["Head"]={tm=.0169;cf=cfr(0,0,.001,1,0,0,0,1,0,0,0,1);es="Linear";ed="In";};["Right Arm"]={tm=.0169;cf=cfr(.125,-.547,.013,.277,-.896,.346,.928,.343,.146,-.249,.281,.927);es="Linear";ed="In";};};{tm=2.367;["Torso"]={tm=.0160;cf=cfr(0,0,.014,1,0,0,0,1,0,0,0,1);es="Linear";ed="In";};["Head"]={tm=.0160;cf=cfr(0,0,.001,1,0,0,0,1,0,0,0,1);es="Linear";ed="In";};["Right Arm"]={tm=.0160;cf=cfr(.125,-.547,.013,.277,-.896,.346,.928,.343,.146,-.249,.281,.927);es="Linear";ed="In";};};{tm=2.383;["Torso"]={tm=.0169;cf=cfr(0,0,.014,1,0,0,0,1,0,0,0,1);es="Linear";ed="In";};["Head"]={tm=.0169;cf=c